rep,heat_enabled,transmitter_bit,transmitter_mask,ctrl_0_ro_0,ctrl_0_ro_1,ctrl_0_ro_2,ctrl_0_ro_3,ctrl_0_ro_4,ctrl_1_ro_0,ctrl_1_ro_1,ctrl_1_ro_2,ctrl_1_ro_3,ctrl_1_ro_4,ctrl_2_ro_0,ctrl_2_ro_1,ctrl_2_ro_2,ctrl_2_ro_3,ctrl_2_ro_4,ctrl_3_ro_0,ctrl_3_ro_1,ctrl_3_ro_2,ctrl_3_ro_3,ctrl_3_ro_4
0,31,1,1023,26888458,26781199,26297690,26460834,26207461,26409829,26396225,26285444,26621552,26189810,26575730,26347005,25996851,26447890,26329932,26053654,26192125,26037962,26126893,25647938
1,0,1,1023,26925027,26817400,26333085,26498082,26244073,26441418,26432588,26322013,26658212,26227735,26610721,26382126,26032985,26484171,26366151,26091461,26235312,26076431,26166651,25682114
2,31,1,1023,26888107,26785316,26299223,26461648,26207873,26404205,26399841,26287174,26619518,26190633,26573485,26346223,25996741,26447250,26327919,26053677,26196119,26036711,26129950,25644806
3,0,1,1023,26921798,26819530,26330961,26493648,26239886,26437352,26432533,26319464,26652103,26224439,26608068,26379821,26029631,26479756,26362679,26086399,26231527,26072691,26163720,25678472
4,31,1,1023,26885293,26781465,26294294,26458311,26203716,26402285,26397121,26282073,26616095,26183799,26571617,26342476,25993091,26443082,26323830,26047165,26193149,26032147,26126379,25641359
5,0,1,1023,26918625,26815916,26326512,26496474,26235429,26437329,26430695,26315594,26652326,26220768,26604495,26377493,26029772,26477096,26361765,26085906,26233740,26068584,26164513,25676823
6,31,1,1023,26886741,26779515,26294685,26463811,26202916,26406863,26396317,26281911,26618605,26185139,26570109,26345530,25995766,26443361,26326844,26048937,26197349,26034189,26129512,25640714
7,0,1,1023,26920676,26818327,26333321,26497906,26238077,26444120,26432142,26318473,26657070,26221417,26606207,26381392,26028791,26476478,26364669,26088627,26235221,26073139,26165070,25675917
8,31,1,1023,26888300,26782110,26299300,26464886,26203665,26405823,26397490,26281066,26619278,26185315,26569299,26343970,25993509,26440160,26328264,26050468,26196355,26037068,26126639,25642779
9,0,1,1023,26921893,26813455,26331810,26494961,26236707,26439017,26430533,26315594,26650809,26219075,26605944,26376277,26026877,26475465,26363568,26086442,26231706,26069612,26162217,25675175
10,31,1,1023,26888114,26781163,26300968,26462857,26204722,26406915,26400095,26283819,26616903,26185387,26570499,26342988,25994294,26437691,26329922,26050745,26192338,26035443,26128379,25642345
11,0,1,1023,26924508,26815092,26334888,26497843,26237230,26442452,26436666,26319429,26656027,26219004,26607552,26377639,26029745,26478730,26366987,26088858,26230664,26072506,26164003,25679736
12,31,1,1023,26888168,26780189,26297443,26461205,26204012,26404978,26397713,26280454,26617522,26181990,26569488,26340637,25992960,26438438,26327761,26051130,26191617,26033194,26124388,25643152
13,0,1,1023,26922535,26815413,26330950,26495916,26237184,26440042,26431704,26317359,26653477,26221299,26605893,26377716,26027349,26476979,26366903,26087924,26232133,26070968,26165564,25677553
14,31,1,1023,26888643,26782888,26301215,26463278,26203997,26407500,26399250,26284096,26619462,26188098,26570498,26344549,25992867,26443260,26331896,26051521,26197981,26036235,26129638,25646091
15,0,1,1023,26922906,26816590,26333561,26498738,26238639,26442646,26434017,26316794,26652979,26221318,26605326,26379525,26027363,26478274,26366531,26086331,26234358,26073699,26164780,25682614
16,31,1,1023,26889848,26781752,26299730,26463537,26205332,26407612,26397800,26284318,26618100,26185513,26568905,26344890,25992597,26444301,26331786,26048484,26196382,26037388,26128801,25646536
17,0,1,1023,26926164,26815068,26334705,26499533,26239453,26443087,26433063,26319118,26653287,26223413,26608313,26381648,26028991,26480388,26365943,26084951,26232870,26073555,26165514,25682858
18,31,1,1023,26887872,26781442,26297100,26465947,26207465,26405507,26397933,26281275,26617035,26186318,26571523,26344885,25995642,26444885,26331271,26047896,26194849,26035239,26127886,25647492
19,0,1,1023,26922733,26816636,26330569,26498408,26238437,26439400,26430626,26317412,26651415,26221246,26607087,26380918,26028200,26478983,26364950,26087158,26231957,26070979,26163585,25681531
20,31,1,1023,26891737,26787267,26298382,26465588,26204414,26407184,26398358,26285624,26616918,26185958,26573100,26345910,25993742,26443132,26330525,26051859,26196724,26035254,26127262,25646900
21,0,1,1023,26925033,26822335,26331033,26499591,26238382,26442977,26433911,26323630,26652218,26224959,26610552,26381154,26031379,26479888,26368053,26089880,26236400,26073097,26166708,25683114
22,31,1,1023,26887227,26785870,26297021,26465681,26203475,26409537,26395839,26286725,26614137,26186947,26573151,26343854,25993650,26440470,26328698,26048659,26196415,26037033,26126786,25647197
23,0,1,1023,26916752,26813841,26326935,26494485,26230950,26436062,26428372,26318793,26647904,26220925,26604921,26374743,26024876,26470058,26362413,26084130,26229316,26068484,26159057,25679058
24,31,1,1023,26889431,26784652,26295564,26463828,26202591,26405909,26397081,26286788,26614796,26188048,26574327,26344018,25996064,26442731,26328678,26050057,26196550,26036067,26123962,25647366
25,0,1,1023,26923122,26815151,26327501,26495944,26235722,26437908,26431137,26319600,26651080,26221249,26609655,26380599,26032370,26475798,26366801,26086882,26232737,26071435,26159885,25680339
26,31,1,1023,26887532,26777004,26296051,26460024,26202673,26405830,26396597,26286571,26616111,26185014,26571898,26343398,25996984,26433543,26331252,26049861,26196712,26036268,26126408,25646182
27,0,1,1023,26924023,26817872,26330007,26495140,26237207,26436827,26432239,26320874,26653866,26221486,26606885,26377147,26028693,26470796,26364933,26085550,26232882,26070618,26159894,25678530
28,31,1,1023,26886979,26783849,26294563,26459525,26205360,26405872,26395816,26284699,26617244,26189408,26572749,26343374,25993486,26435512,26331384,26048191,26195490,26034779,26127841,25642357
29,0,1,1023,26920285,26816922,26329394,26499330,26240306,26436756,26430957,26322511,26656231,26222569,26609696,26376570,26032799,26473025,26368623,26085763,26235562,26071357,26165131,25679685
30,31,1,1023,26888312,26783884,26298127,26465225,26206787,26404686,26397280,26283322,26620773,26186531,26572890,26342968,25997103,26439118,26329080,26050434,26197702,26034134,26128311,25644310
31,0,1,1023,26924477,26819594,26332644,26500214,26239393,26441825,26434398,26319109,26655834,26224536,26610526,26380012,26030435,26478300,26366246,26087054,26236447,26072886,26163502,25679025
32,31,1,1023,26889863,26784678,26299761,26465458,26206963,26406520,26398959,26284693,26621615,26187105,26575482,26345923,25998476,26443116,26332382,26050953,26200943,26034191,26126820,25645597
33,0,1,1023,26921676,26817601,26331872,26497947,26240860,26439371,26434162,26319178,26654967,26219990,26608739,26379000,26031725,26476848,26365444,26087108,26235861,26071297,26163396,25680973
34,31,1,1023,26885352,26781290,26294187,26461223,26204129,26405256,26396296,26281708,26617966,26183637,26568703,26342472,25996991,26442681,26327948,26048041,26198610,26032249,26125948,25642988
35,0,1,1023,26921799,26815946,26330625,26496788,26239262,26440880,26432291,26318617,26654704,26221210,26606569,26380031,26033381,26476293,26362151,26088825,26236917,26070461,26160893,25681602
36,31,1,1023,26884036,26784734,26295920,26461140,26205213,26406422,26396816,26284902,26618702,26185202,26569421,26344866,25998463,26444708,26325111,26053067,26200841,26034454,26125967,25643883
37,0,1,1023,26919790,26818934,26327095,26495482,26239982,26442229,26432471,26320507,26653747,26222991,26607497,26379413,26035192,26476549,26363069,26091932,26237725,26070370,26162768,25679652
38,31,1,1023,26887264,26781131,26291121,26462292,26203561,26404267,26396540,26284824,26620055,26187018,26570534,26342728,25997339,26443003,26327105,26052985,26197601,26033566,26127723,25644934
39,0,1,1023,26921346,26819016,26326389,26496010,26238396,26439576,26430859,26318951,26655234,26221556,26607413,26378579,26031991,26476021,26360773,26085731,26234340,26069728,26161845,25679521
40,31,1,1023,26885167,26783171,26292711,26460127,26203228,26404419,26394469,26283130,26618338,26184904,26572187,26340619,25996745,26439989,26327261,26048709,26197542,26031714,26127407,25645958
41,0,1,1023,26917742,26815487,26327045,26494400,26238538,26442283,26431594,26316718,26653218,26221365,26604946,26376788,26030181,26475290,26366141,26088950,26233188,26068278,26162253,25680536
42,31,1,1023,26884025,26779535,26292091,26462755,26204740,26407927,26395983,26281595,26617000,26185251,26569825,26339892,25994381,26439003,26330213,26051818,26195235,26031259,26126885,25642640
43,0,1,1023,26917584,26813373,26323985,26492788,26235394,26439788,26429672,26315850,26651458,26222261,26606261,26376089,26030300,26476295,26364417,26088861,26231261,26067520,26164093,25674280
44,31,1,1023,26884057,26781469,26291345,26464521,26201974,26404631,26394883,26283963,26615431,26187360,26572491,26343113,25997357,26439283,26330638,26052756,26196150,26033623,26127149,25641532
45,0,1,1023,26915924,26812363,26324372,26492515,26231382,26438570,26426226,26316154,26651229,26221296,26606734,26375734,26028511,26474849,26360506,26086917,26234342,26067714,26160158,25678800
46,31,1,1023,26884524,26780517,26291261,26461161,26198208,26403461,26391285,26279500,26614807,26184622,26570830,26340224,25993019,26439029,26327860,26046741,26191564,26032269,26123731,25644848
47,0,1,1023,26917942,26816182,26323673,26494441,26234104,26438932,26427808,26317883,26649753,26219964,26606699,26375272,26027966,26472883,26363411,26084052,26230796,26069499,26160521,25680501
48,31,1,1023,26886360,26785264,26291898,26461308,26202964,26404059,26396356,26285644,26617705,26187767,26571089,26342564,25996077,26438903,26329145,26049658,26194754,26036365,26128148,25646782
49,0,1,1023,26921798,26814826,26324216,26496526,26234202,26439361,26430719,26321137,26653993,26223968,26607348,26376523,26031594,26472331,26364289,26088453,26235288,26072109,26162263,25683755
50,31,1,1023,26887180,26777049,26288148,26459699,26201017,26404604,26391510,26283337,26617851,26187121,26568641,26338983,25996766,26436463,26326502,26048659,26196642,26034837,26124769,25645702
51,0,1,1023,26920571,26813149,26318783,26495029,26232242,26436947,26429951,26317136,26652089,26223085,26605466,26375205,26031411,26474155,26364766,26086262,26235652,26070778,26164338,25680675
52,31,1,1023,26890662,26784407,26286670,26465531,26202623,26403976,26395675,26285320,26618117,26186365,26569374,26341163,25997628,26438473,26329822,26049778,26197922,26036003,26127186,25644489
53,0,1,1023,26920604,26814598,26317360,26498856,26235978,26438802,26427111,26319282,26651934,26221594,26604565,26373123,26029852,26471029,26363254,26086705,26230487,26069192,26161591,25676378
54,31,1,1023,26887451,26781615,26286591,26462987,26199850,26402735,26394430,26282402,26617259,26188311,26566963,26340554,25994843,26441380,26330009,26050502,26194154,26033777,26125391,25643209
55,0,1,1023,26922257,26817681,26321007,26495906,26234489,26437286,26430410,26315132,26653377,26224009,26606018,26377624,26029800,26475276,26365408,26087375,26233555,26071740,26160665,25683051
56,31,1,1023,26882905,26778651,26286520,26462100,26197538,26404002,26395014,26279025,26618245,26185209,26568804,26340447,25994342,26437705,26328193,26050515,26191954,26033172,26124462,25648405
57,0,1,1023,26919722,26814145,26322570,26496378,26235197,26440411,26431113,26318500,26654448,26221644,26607251,26377611,26029129,26472542,26363210,26087285,26231186,26071434,26162924,25681593
58,31,1,1023,26886887,26778051,26287693,26460418,26201279,26400476,26396551,26281946,26616525,26181489,26569560,26341641,25996848,26436961,26329054,26051261,26192438,26034648,26125089,25645667
59,0,1,1023,26919133,26813981,26323260,26495569,26237222,26437987,26433411,26319541,26653473,26218108,26607743,26376611,26029912,26471107,26362595,26088799,26228622,26070082,26161102,25681683
60,31,1,1023,26886283,26781989,26287522,26463836,26203824,26403831,26397929,26284854,26618221,26185616,26570455,26341572,25997362,26438641,26326959,26053064,26193209,26036592,26125090,25645043
61,0,1,1023,26921750,26818327,26322724,26495641,26240404,26439342,26432626,26318562,26651158,26221407,26606320,26378238,26030598,26473443,26364739,26089320,26231565,26072483,26159949,25682568
62,31,1,1023,26889838,26786453,26290784,26461790,26207441,26407672,26399452,26285944,26620393,26186769,26570765,26345596,25995771,26438927,26332720,26054660,26197440,26038752,26126347,25647127
63,0,1,1023,26921866,26816234,26323487,26497196,26235602,26439673,26432035,26319078,26653441,26220477,26606095,26377079,26026485,26471678,26365938,26088290,26232788,26073204,26159254,25680700
64,31,1,1023,26889635,26782484,26290587,26464417,26203185,26403852,26398677,26285213,26617211,26189755,26570162,26344394,25993108,26439230,26331742,26052640,26195378,26037687,26126411,25647316
65,0,1,1023,26921259,26815109,26322242,26500162,26238883,26437828,26432772,26319306,26652505,26225531,26602793,26376960,26027495,26469965,26365272,26088931,26232355,26072484,26162901,25679432
66,31,1,1023,26890932,26786958,26291564,26466910,26207468,26406464,26399872,26289393,26622116,26190909,26571119,26344585,25994793,26442109,26333067,26053046,26198791,26037364,26129692,25647568
67,0,1,1023,26924949,26818012,26324524,26499331,26240990,26440275,26431377,26321375,26655042,26225543,26606498,26378610,26029273,26475791,26367091,26085825,26234207,26072064,26163732,25680831
68,31,1,1023,26891211,26782732,26289469,26466746,26205483,26403548,26394819,26286893,26618204,26188492,26569999,26342172,25997310,26440625,26330915,26048205,26193963,26034196,26126870,25644034
69,0,1,1023,26921442,26814617,26323505,26499824,26237608,26437776,26427327,26319496,26650859,26224895,26606596,26375919,26032112,26478197,26365816,26084324,26230944,26068790,26160062,25679724
70,31,1,1023,26889456,26779500,26287811,26461427,26201111,26403017,26391778,26282721,26614144,26186374,26569595,26339260,25993335,26442999,26327365,26044771,26192645,26030635,26121305,25643562
71,0,1,1023,26922551,26818320,26324032,26496431,26237316,26439610,26427880,26319757,26651366,26223517,26606622,26375404,26027512,26476212,26363231,26085601,26232394,26067329,26157645,25679313
72,31,1,1023,26888181,26782916,26291117,26462610,26205059,26406765,26393458,26283782,26616732,26187911,26570273,26340571,25994267,26440851,26328169,26049632,26195020,26033704,26123471,25646065
73,0,1,1023,26917859,26815145,26324155,26496793,26238254,26441299,26425695,26315781,26652087,26223475,26605101,26376157,26025458,26475160,26364626,26085137,26231908,26067650,26160719,25680648
74,31,1,1023,26887970,26784194,26292135,26461201,26205435,26407665,26392066,26284065,26619675,26188416,26570751,26340609,25992866,26440530,26327753,26048517,26195741,26030038,26125744,25644788
75,0,1,1023,26919987,26815286,26323915,26496436,26240055,26441201,26427232,26318356,26654455,26225645,26606406,26376139,26027623,26474760,26365388,26085169,26232752,26068927,26162816,25681743
76,31,1,1023,26888280,26781571,26289634,26463094,26202888,26408048,26394605,26284077,26618162,26188387,26571865,26338096,25992764,26437770,26330157,26047592,26196424,26033891,26125448,25647672
77,0,1,1023,26923328,26812929,26323108,26497206,26238673,26441826,26428014,26321641,26653225,26222893,26605236,26374611,26029062,26474624,26366033,26084749,26233144,26071260,26162769,25682767
78,31,1,1023,26889923,26783171,26291660,26461831,26204693,26408620,26396169,26286443,26619197,26190465,26569677,26339929,25996069,26440836,26329310,26048742,26198407,26036549,26128683,25648066
79,0,1,1023,26921365,26815886,26322793,26497441,26234947,26442069,26429514,26319375,26652975,26222837,26606156,26371750,26028327,26473270,26363559,26085794,26233995,26072966,26163385,25683339
80,31,1,1023,26887567,26779207,26288448,26463780,26200528,26405823,26393886,26283523,26617548,26186968,26570527,26336674,25994202,26439608,26327949,26048608,26196825,26033746,26127252,25645961
81,0,1,1023,26919196,26812688,26321611,26495875,26237093,26441599,26429232,26319091,26652852,26223704,26606449,26374483,26027001,26473905,26360170,26083511,26231092,26070771,26163143,25682739
82,31,1,1023,26887095,26780987,26290552,26460543,26205610,26408037,26394853,26284286,26618378,26190235,26572885,26340226,25993334,26440362,26326535,26047265,26197713,26037649,26128826,25647842
83,0,1,1023,26921827,26813887,26323338,26494990,26241109,26443202,26428364,26320277,26651839,26226060,26608943,26372588,26030233,26475579,26363005,26085458,26232549,26072815,26163293,25681294
84,31,1,1023,26891934,26783903,26291490,26462570,26209212,26409876,26397183,26284484,26617207,26191126,26572824,26338983,25996782,26442872,26329154,26048770,26195288,26036441,26127934,25647713
85,0,1,1023,26924285,26815363,26324143,26489430,26239679,26442187,26429858,26319440,26652638,26222836,26604521,26371701,26028326,26474913,26363086,26084697,26227561,26071468,26160788,25680729
86,31,1,1023,26889165,26780626,26287957,26459978,26204545,26408120,26393403,26284470,26617027,26187433,26572700,26338315,25994750,26437319,26328227,26047304,26192565,26036719,26125048,25647876
87,0,1,1023,26919861,26813321,26320306,26492997,26236963,26441824,26427593,26316971,26649674,26224326,26607974,26371729,26030015,26472698,26360817,26083969,26227888,26071710,26160699,25683396
88,31,1,1023,26887732,26779642,26290813,26458151,26205674,26406434,26392440,26283428,26616898,26190158,26570135,26340914,25994642,26440402,26326160,26046397,26195265,26034404,26126574,25649272
89,0,1,1023,26918801,26811662,26322339,26488446,26236975,26440515,26427523,26316506,26652347,26226206,26605008,26376585,26025776,26475789,26363090,26083886,26230767,26069318,26160524,25679426
90,31,1,1023,26884355,26775521,26286940,26457709,26199299,26404654,26392000,26280992,26615792,26186618,26570980,26340732,25990932,26438542,26328155,26043618,26193527,26032617,26125080,25646117
91,0,1,1023,26918761,26812922,26319545,26492084,26234242,26438472,26426010,26317441,26651661,26224376,26605823,26376534,26027302,26470107,26362927,26080313,26229302,26069119,26161563,25682507
92,31,1,1023,26888862,26784375,26288204,26460554,26202348,26406318,26395826,26285346,26617280,26192368,26570563,26342160,25991825,26437672,26329487,26045401,26194893,26032596,26125489,25647802
93,0,1,1023,26919878,26816733,26319714,26492456,26233292,26438929,26427551,26316290,26648674,26222855,26603469,26372393,26023664,26470902,26362585,26079068,26229424,26065671,26158585,25681051
94,31,1,1023,26886501,26782900,26287791,26459881,26199789,26404917,26393593,26284106,26613312,26185427,26566489,26336128,25989459,26432875,26324485,26043671,26190580,26029247,26121004,25642566
95,0,1,1023,26920241,26818086,26324078,26493791,26233431,26439716,26429742,26318617,26648723,26222733,26605275,26373455,26027815,26469519,26359195,26081554,26225114,26068508,26158089,25677688
96,31,1,1023,26887683,26786185,26294312,26462049,26202659,26406048,26396584,26286203,26616633,26187282,26568800,26339670,25992166,26439608,26329382,26046044,26189538,26033475,26127423,25646465
97,0,1,1023,26921080,26817347,26324186,26494338,26237807,26441476,26429884,26322950,26651526,26225200,26602253,26376475,26027177,26475457,26366203,26083085,26229222,26069852,26165028,25679857
98,31,1,1023,26887770,26784520,26294181,26463491,26203651,26409994,26397796,26288272,26616770,26184633,26568998,26342611,25994445,26441301,26333635,26046026,26192777,26037371,26129932,25648808
99,0,1,1023,26921547,26817657,26326869,26496764,26236270,26443432,26427422,26321067,26651038,26222241,26608447,26379020,26027771,26474955,26365799,26085448,26228471,26072305,26164607,25682918
100,31,1,1023,26889503,26786143,26292349,26460597,26204473,26408145,26394797,26289009,26615685,26187227,26574782,26342791,25993081,26438159,26331642,26049163,26193372,26034070,26129981,25647876
101,0,1,1023,26920337,26818951,26328756,26494560,26240484,26442733,26433907,26323443,26652912,26224436,26612917,26380416,26030790,26475523,26365881,26087521,26234273,26071975,26167277,25683525
102,31,1,1023,26887086,26791198,26293561,26461128,26203511,26408540,26395008,26287613,26615414,26186803,26578151,26342871,25994467,26443360,26328069,26048625,26196124,26034820,26129177,25647985
103,0,1,1023,26919866,26821201,26323621,26493869,26237454,26442325,26431098,26321913,26651824,26222183,26612528,26377282,26030229,26475367,26361387,26084991,26233475,26071548,26165037,25681153
104,31,1,1023,26886193,26786491,26291559,26461823,26203847,26406607,26394117,26286428,26615224,26183314,26570688,26342943,25995419,26441411,26328454,26048891,26196091,26035554,26128818,25645927
105,0,1,1023,26921900,26822186,26327558,26496620,26239515,26442318,26432858,26324140,26652822,26221709,26605881,26378089,26031040,26476437,26368383,26087080,26233874,26073131,26166873,25682214
106,31,1,1023,26889215,26787213,26294127,26463912,26204956,26407356,26398035,26291953,26616884,26185251,26569505,26344765,25995988,26438946,26331720,26049785,26198992,26036014,26130534,25648391
107,0,1,1023,26920286,26816393,26325288,26494022,26239860,26440318,26427925,26324498,26650438,26217963,26602078,26378419,26028276,26474649,26365560,26083361,26233167,26071682,26163878,25681630
108,31,1,1023,26884912,26783222,26292996,26463944,26206037,26409111,26396202,26288572,26616891,26186065,26568486,26343786,25995878,26440305,26328626,26047025,26196680,26035683,26128180,25644367
109,0,1,1023,26921066,26816772,26325241,26496104,26236662,26441046,26428603,26320070,26649432,26219643,26603772,26375461,26027049,26475174,26361706,26080158,26232614,26069428,26160898,25679212
110,31,1,1023,26885871,26784261,26292124,26462507,26205057,26409757,26396806,26287606,26617282,26187241,26569417,26343427,25994581,26441916,26330721,26045723,26195950,26035053,26128313,25647681
111,0,1,1023,26916630,26814205,26325144,26494189,26237510,26438669,26430704,26319649,26649634,26219344,26604181,26374723,26029275,26476375,26363575,26081541,26230976,26071255,26161758,25680167
112,31,1,1023,26887427,26780305,26292576,26463591,26206597,26406423,26398358,26286480,26617394,26183544,26569525,26342720,25996233,26439166,26328396,26048474,26194939,26036457,26126227,25647190
113,0,1,1023,26918729,26813036,26324943,26498023,26237261,26440982,26431570,26316838,26651560,26220842,26605120,26376850,26028536,26473807,26362843,26082568,26235450,26071907,26163709,25682426
114,31,1,1023,26885614,26781003,26292273,26461013,26205662,26409927,26397697,26283510,26617330,26186558,26569743,26340710,25993096,26439563,26327615,26046475,26200401,26037789,26128540,25644412
115,0,1,1023,26918886,26812806,26322541,26495394,26239575,26440951,26428774,26318383,26651114,26220403,26602263,26375111,26027391,26473387,26361434,26081764,26230896,26070922,26161907,25678408
116,31,1,1023,26887306,26783449,26292963,26463972,26204105,26407332,26394855,26286369,26617257,26188105,26569540,26341571,25991860,26440876,26329035,26047556,26197320,26036165,26127217,25644447
117,0,1,1023,26917903,26817812,26322993,26497444,26237659,26440083,26425175,26318788,26651192,26221997,26604495,26375234,26027123,26470474,26362429,26084005,26233448,26071219,26163458,25680989
118,31,1,1023,26882363,26783862,26289745,26461410,26202445,26403223,26390277,26280055,26614354,26185714,26567616,26336641,25989817,26431850,26323850,26044995,26195117,26033260,26122967,25640865
119,0,1,1023,26916423,26817490,26324171,26496123,26236380,26439059,26427521,26315535,26648546,26221026,26603732,26372904,26025016,26468757,26361003,26082815,26231548,26070537,26160065,25677475
120,31,1,1023,26883945,26780712,26290139,26461127,26203934,26403945,26392721,26281383,26612881,26186658,26567388,26339428,25991538,26435685,26327532,26045899,26195385,26035865,26123541,25644569
121,0,1,1023,26919146,26814330,26322246,26494601,26236072,26437922,26425047,26315754,26649742,26221603,26604733,26372773,26023881,26470496,26362950,26082264,26229632,26071649,26161779,25679942
122,31,1,1023,26882570,26781389,26288168,26461465,26198875,26403577,26389819,26280463,26611458,26184359,26566749,26337227,25989004,26437615,26327111,26044811,26192265,26036345,26124773,25642396
123,0,1,1023,26921217,26818982,26324611,26499455,26237144,26442306,26432509,26318454,26651948,26222723,26608092,26376762,26027902,26478001,26367497,26083716,26233039,26072119,26163283,25681270
124,31,1,1023,26886020,26783123,26290565,26463221,26201537,26408099,26395053,26282570,26616655,26186435,26569029,26340173,25990284,26440339,26329575,26043832,26193890,26035209,26125078,25645822
125,0,1,1023,26920588,26814855,26322886,26495872,26236140,26443213,26428496,26318296,26650261,26222125,26603448,26374615,26025004,26473347,26362937,26081740,26231028,26072469,26162456,25680459
126,31,1,1023,26886669,26781446,26290681,26462541,26207097,26408056,26394853,26283548,26616229,26185738,26567389,26340044,25991845,26441184,26328077,26046738,26194701,26034664,26123559,25645966
127,0,1,1023,26922515,26816138,26323994,26497286,26239201,26440406,26428558,26318507,26651915,26219312,26607740,26374760,26025655,26475123,26365581,26084413,26232082,26071244,26161346,25680925
128,31,1,1023,26884981,26784224,26290283,26461690,26202850,26406641,26393769,26283343,26618696,26184151,26569012,26340292,25989911,26442696,26329102,26047223,26195133,26033510,26126765,25646093
129,0,1,1023,26922438,26818409,26322427,26495205,26240101,26441670,26428290,26318547,26652232,26221036,26604172,26375651,26026128,26475522,26363354,26086023,26231286,26071332,26162760,25677473
130,31,1,1023,26887173,26784459,26287933,26460034,26207098,26408654,26396108,26284972,26615996,26186824,26568907,26341380,25992016,26439325,26327712,26049744,26196035,26036968,26126826,25647229
131,0,1,1023,26921628,26819439,26322490,26495891,26238918,26440195,26431554,26320283,26653410,26221853,26606162,26378054,26025393,26473823,26366141,26087792,26232704,26073029,26162647,25682387
132,31,1,1023,26886146,26784137,26290758,26458891,26201024,26404055,26392782,26281278,26613747,26186193,26563338,26340623,25990303,26438905,26327554,26047406,26192006,26036517,26124090,25642686
133,0,1,1023,26918251,26815320,26324633,26492459,26235846,26440018,26429231,26316388,26649156,26221124,26602716,26374171,26022279,26474688,26362837,26080915,26228975,26073270,26160917,25678960
134,31,1,1023,26884576,26780767,26289554,26458250,26201786,26406284,26394630,26283189,26613038,26184861,26566776,26339678,25987646,26438576,26327622,26046116,26190995,26038973,26127514,25643952
135,0,1,1023,26917399,26813789,26321389,26492528,26235433,26439979,26428863,26316762,26649436,26221899,26602041,26375193,26022664,26473195,26362765,26083353,26227794,26073519,26163841,25680394
136,31,1,1023,26882249,26778721,26286962,26460640,26199799,26404768,26393492,26281420,26615275,26185102,26565253,26340387,25987158,26437501,26327931,26046441,26191733,26034822,26125490,25642226
137,0,1,1023,26917126,26814770,26319446,26497157,26238381,26440223,26430227,26317092,26653032,26220099,26599801,26373962,26024876,26472931,26363309,26083135,26229936,26070800,26162018,25677821
138,31,1,1023,26885067,26783678,26288510,26464073,26206130,26406605,26393573,26284211,26616291,26184629,26563655,26341135,25988930,26440842,26328796,26048564,26194080,26036088,26126338,25643281
139,0,1,1023,26917113,26814879,26318936,26494577,26232735,26440432,26428433,26317991,26651823,26220878,26600624,26375160,26025152,26471204,26364291,26083345,26228563,26069504,26159198,25677911
140,31,1,1023,26884091,26781343,26287719,26460159,26199472,26404666,26392595,26283249,26617553,26184245,26563953,26340605,25989663,26434928,26330084,26044971,26193820,26032617,26121947,25642629
141,0,1,1023,26920130,26817463,26321646,26494454,26233076,26438118,26429724,26317626,26652499,26218032,26599170,26374513,26024624,26470158,26365486,26081610,26229376,26070452,26160505,25678556
142,31,1,1023,26888923,26785603,26289944,26461870,26202144,26404949,26396590,26284114,26617356,26184254,26565267,26339878,25989320,26437908,26331199,26047673,26193745,26036134,26126181,25645687
143,0,1,1023,26922568,26818763,26322960,26494488,26236170,26439462,26432635,26318651,26654890,26220443,26603561,26379068,26024994,26475771,26367451,26084733,26235167,26073880,26162961,25683638
144,31,1,1023,26889039,26782349,26290312,26461160,26205243,26407771,26397516,26282922,26618169,26186405,26565513,26344129,25992076,26439603,26330273,26046969,26195740,26037736,26127653,25646368
145,0,1,1023,26921847,26816156,26320018,26494578,26237746,26438842,26428828,26314972,26653488,26219575,26598868,26376639,26026032,26472066,26365784,26083475,26230029,26073560,26161509,25679947
146,31,1,1023,26889185,26784266,26290786,26463262,26201931,26407277,26395290,26282367,26618192,26184917,26567881,26343414,25992845,26439088,26333389,26047572,26195301,26038882,26126351,25646788
147,0,1,1023,26921187,26816234,26323810,26495393,26237482,26443996,26429949,26315211,26651854,26218439,26604346,26376792,26026092,26472110,26368372,26083960,26232474,26072466,26159653,25679656
148,31,1,1023,26887154,26783688,26290664,26462498,26202552,26407191,26397222,26280074,26614596,26183266,26567962,26341302,25990972,26438250,26332094,26047046,26196246,26036242,26124473,25646038
149,0,1,1023,26922236,26818692,26324713,26497546,26238767,26441144,26429996,26316088,26650237,26219532,26604489,26374218,26024666,26473150,26367632,26082681,26230298,26074407,26159954,25681399
150,31,1,1023,26887068,26785150,26291590,26463181,26202414,26402894,26394607,26283125,26614358,26183201,26569653,26341011,25989278,26436583,26335117,26045600,26193572,26036768,26124837,25646023
151,0,1,1023,26922705,26818577,26322790,26494212,26236033,26436527,26429155,26315213,26648832,26217213,26603547,26374862,26022420,26470881,26369243,26081732,26228857,26071827,26159077,25680056
152,31,1,1023,26887646,26786605,26292537,26461492,26206441,26403947,26395501,26283077,26614198,26184311,26568793,26339615,25989656,26435374,26334200,26046008,26196175,26036712,26126409,25646466
153,0,1,1023,26923154,26816245,26325056,26495747,26238783,26437984,26426665,26316640,26650558,26221151,26605111,26374369,26023166,26471781,26367380,26082333,26233587,26074278,26161148,25682630
154,31,1,1023,26886741,26781500,26291748,26459131,26208165,26403072,26393693,26282839,26617566,26185341,26567857,26339481,25988794,26440257,26333324,26047781,26194250,26039084,26126059,25646374
155,0,1,1023,26922438,26818659,26326822,26494713,26240843,26436484,26431804,26319106,26653249,26220537,26605181,26376499,26023247,26474992,26367767,26084157,26230688,26075629,26162088,25678677
156,31,1,1023,26885287,26779645,26289824,26458368,26205116,26400162,26392035,26281203,26612338,26182043,26567994,26339033,25986107,26438682,26332171,26047812,26192749,26035554,26124327,25641642
157,0,1,1023,26920610,26814304,26326734,26494281,26239928,26436325,26428288,26317459,26651053,26220688,26606761,26375595,26023350,26475172,26367317,26085966,26233276,26073479,26162208,25678166
158,31,1,1023,26888265,26781778,26293342,26460746,26206865,26402709,26392648,26283638,26617920,26186020,26570735,26340416,25988758,26439921,26333348,26047152,26195925,26037558,26124796,25643985
159,0,1,1023,26922412,26815550,26326079,26494383,26239871,26437395,26425712,26318714,26650726,26221575,26604870,26374319,26023508,26474690,26366252,26084333,26230706,26072831,26161203,25679459
160,31,1,1023,26886684,26781223,26292208,26457541,26208202,26402562,26393119,26282164,26613080,26184141,26569718,26339671,25987378,26439553,26333092,26046827,26194880,26038529,26126118,25643634
161,0,1,1023,26918798,26812698,26326066,26492805,26241147,26436145,26425163,26316098,26648596,26220899,26603464,26374776,26022336,26472563,26368319,26081237,26231521,26073555,26161246,25679593
162,31,1,1023,26887096,26779144,26292756,26458469,26207371,26401362,26392878,26281904,26615189,26186698,26564241,26338665,25988149,26439135,26330553,26045452,26191578,26036923,26122602,25644307
163,0,1,1023,26920577,26807274,26324013,26491577,26239135,26436299,26424698,26314400,26649211,26219957,26600167,26371952,26021242,26474396,26362651,26084573,26224476,26069789,26157316,25678300
164,31,1,1023,26885624,26778499,26292801,26455504,26207069,26405299,26391164,26279838,26615381,26182770,26563339,26338453,25990236,26439825,26327733,26049170,26187951,26034055,26121959,25643839
165,0,1,1023,26919601,26812227,26329115,26493643,26239739,26441025,26428513,26315483,26652385,26221256,26603141,26375137,26024959,26472922,26362360,26085615,26230363,26073577,26160381,25680101
166,31,1,1023,26885699,26782181,26292639,26458479,26204983,26405856,26392286,26280411,26616669,26184420,26566255,26338797,25989668,26438801,26327218,26049662,26192854,26036256,26123537,25643545
167,0,1,1023,26918959,26818203,26322438,26492658,26238672,26439808,26427463,26315134,26650672,26220425,26604199,26375042,26025300,26474958,26360089,26085530,26229588,26071162,26158861,25679868
168,31,1,1023,26884225,26780618,26289495,26458785,26206759,26401834,26392114,26281937,26615795,26186773,26569087,26340680,25989086,26439963,26328114,26046443,26193923,26032572,26120835,25644991
169,0,1,1023,26919806,26815698,26322067,26488358,26239351,26437766,26429062,26316147,26650230,26220938,26603209,26375348,26022699,26474098,26361152,26081076,26231153,26069511,26160290,25678240
170,31,1,1023,26888025,26782157,26290887,26457250,26208694,26407027,26396314,26285996,26615742,26188276,26568794,26340135,25990045,26440687,26328137,26048445,26195075,26036652,26122603,25646329
171,0,1,1023,26919906,26817097,26324739,26492171,26240954,26439656,26430839,26318012,26649756,26220733,26605042,26375707,26022824,26474563,26363450,26080231,26228205,26072052,26156198,25679383
172,31,1,1023,26885123,26783705,26290836,26460372,26205662,26399556,26393538,26281880,26614078,26183722,26569417,26339996,25988223,26438499,26326685,26044309,26189531,26035655,26119712,25645252
173,0,1,1023,26916965,26815724,26326131,26493342,26239047,26435782,26430741,26316518,26649150,26220598,26603166,26377155,26023229,26474939,26362658,26079339,26228912,26072698,26159780,25679997
174,31,1,1023,26882664,26782957,26288533,26457773,26202374,26399722,26394332,26278030,26612226,26184433,26568604,26339641,25986957,26438690,26325528,26042578,26191282,26034561,26121902,25641391
175,0,1,1023,26915045,26816078,26318343,26491148,26235428,26433227,26427545,26312690,26648642,26218184,26601785,26373483,26020257,26473614,26358488,26079255,26228662,26068713,26158936,25673700
176,31,1,1023,26882585,26781064,26286142,26459085,26205718,26398773,26393768,26281039,26614614,26183098,26565925,26338968,25986124,26437727,26323965,26043174,26192442,26032639,26121850,25641040
177,0,1,1023,26915605,26814445,26320373,26493338,26235187,26432484,26428560,26315220,26650922,26217726,26603219,26373670,26021161,26471957,26360154,26080950,26226092,26069451,26157341,25674780
178,31,1,1023,26883975,26782393,26290100,26461466,26206780,26402843,26394710,26281366,26617272,26181626,26568861,26338702,25987818,26437383,26326835,26048231,26192066,26036076,26122545,25639879
179,0,1,1023,26915010,26815333,26322953,26494475,26240313,26436186,26427809,26316476,26651693,26219041,26602803,26375851,26022789,26471147,26359694,26082148,26228552,26071381,26159161,25677052
180,31,1,1023,26882640,26780442,26287762,26463422,26207738,26405867,26397506,26283593,26618123,26183371,26566244,26343264,25988730,26439628,26327592,26046338,26191264,26036175,26125396,25642686
181,0,1,1023,26913751,26812530,26319108,26494631,26242676,26435630,26430553,26316816,26653342,26217674,26597732,26374584,26022501,26471476,26361787,26081592,26227778,26070663,26158771,25677071
182,31,1,1023,26881165,26779074,26287147,26460309,26209190,26402901,26394534,26281678,26619329,26182439,26563926,26340238,25988775,26438501,26326140,26046947,26190995,26035145,26120260,25641046
183,0,1,1023,26914142,26812831,26319764,26494799,26240947,26436794,26429429,26312839,26652526,26218122,26602272,26376992,26023215,26474460,26359705,26082423,26225531,26069885,26160243,25676649
184,31,1,1023,26878619,26779808,26287910,26459969,26207750,26399254,26393674,26279308,26616105,26182203,26564099,26341017,25987384,26438249,26324686,26044585,26188902,26033780,26121335,25641350
185,0,1,1023,26914126,26815883,26322343,26495717,26241437,26434325,26428498,26313728,26652379,26217356,26601920,26377418,26021503,26475279,26360496,26083324,26228456,26070124,26158182,25676208
186,31,1,1023,26883687,26779336,26290544,26461121,26208316,26399324,26392971,26279015,26617454,26180777,26565214,26341022,25991658,26442530,26326500,26045306,26189900,26034062,26124512,25638871
187,0,1,1023,26916400,26815183,26324659,26492911,26243361,26435205,26426764,26313362,26652292,26217149,26602452,26373295,26026713,26474492,26361154,26082641,26226491,26070843,26159873,25673734
188,31,1,1023,26881257,26778802,26292964,26462393,26205734,26402469,26392788,26279848,26615696,26181945,26566341,26340590,25991326,26438235,26326398,26047763,26189232,26036376,26126209,25638064
189,0,1,1023,26915484,26811595,26324341,26496947,26239920,26436941,26427914,26313841,26649961,26218282,26601858,26376570,26027234,26471609,26362976,26083292,26227023,26070191,26161983,25673476
190,31,1,1023,26885423,26782777,26291785,26464431,26207840,26402493,26396042,26282754,26618085,26183039,26568556,26344351,25995093,26438372,26327373,26048672,26192767,26036654,26128182,25641560
191,0,1,1023,26912326,26811951,26322161,26493872,26239853,26431896,26426957,26312336,26647775,26214537,26599825,26375204,26024921,26466305,26359154,26082088,26223742,26068501,26160459,25671379
192,31,1,1023,26880942,26779355,26289690,26458892,26204002,26396996,26394120,26280055,26614280,26180471,26565122,26339389,25989631,26433268,26322965,26047537,26189289,26032869,26123120,25637226
193,0,1,1023,26913928,26814916,26321923,26494007,26239202,26430598,26428694,26313187,26648600,26216878,26601917,26375212,26024937,26469273,26357256,26085460,26223578,26070943,26157845,25671102
194,31,1,1023,26884452,26784653,26291806,26464076,26209354,26401583,26397177,26284221,26617825,26186399,26572203,26342343,25992541,26437356,26325333,26049509,26189378,26039263,26126092,25639450
195,0,1,1023,26918821,26814369,26322153,26495311,26241687,26433038,26428978,26316213,26652237,26219341,26604721,26377376,26025976,26470680,26360606,26081012,26223705,26073962,26161456,25676437
196,31,1,1023,26883029,26781862,26289691,26460990,26206646,26396566,26394686,26281412,26615506,26186604,26571535,26342070,25991375,26434717,26325602,26045945,26187628,26039892,26122388,25640365
197,0,1,1023,26917951,26813599,26323114,26494530,26239507,26432152,26429197,26316262,26650337,26217562,26606689,26376262,26023542,26469516,26360467,26082141,26227004,26074986,26160071,25674332
198,31,1,1023,26881799,26778657,26288257,26457377,26204437,26398115,26393546,26280843,26614980,26179659,26567795,26339325,25986868,26431065,26321917,26043693,26190404,26036705,26122006,25637794
199,0,1,1023,26914974,26813136,26325693,26494009,26241582,26432693,26429945,26317163,26650346,26215219,26606270,26378008,26024016,26468731,26356321,26079961,26232384,26073164,26158241,25675751
200,31,1,1023,26879288,26777062,26288959,26459564,26207273,26395147,26395789,26280670,26614179,26179918,26566828,26340041,25989578,26433282,26321104,26041673,26191279,26035503,26118705,25638737
201,0,1,1023,26912355,26812123,26321088,26492007,26237686,26433143,26429098,26314047,26648970,26219857,26602583,26375455,26024402,26468925,26355002,26079415,26226530,26074275,26157778,25675461
202,31,1,1023,26880550,26780816,26288672,26459515,26207426,26397678,26394279,26280102,26614085,26185078,26567039,26341971,25988634,26435381,26323585,26043829,26189042,26036578,26123524,25641768
203,0,1,1023,26914780,26814535,26321156,26494217,26240161,26432171,26431331,26317768,26651702,26219644,26603124,26375708,26025159,26472136,26358581,26082274,26227376,26073196,26159508,25675720
204,31,1,1023,26881825,26779073,26285675,26458377,26204673,26397511,26393381,26278508,26614778,26180019,26567916,26340064,25989394,26435849,26323873,26043609,26187800,26036050,26121722,25638891
205,0,1,1023,26915166,26813280,26318473,26491802,26237872,26432411,26428838,26312547,26649439,26216842,26603309,26376172,26021935,26471113,26357567,26079597,26227863,26071219,26160581,25670890
206,31,1,1023,26884086,26782657,26290315,26459828,26208271,26400068,26394065,26282580,26617184,26184376,26571087,26344291,25991300,26439524,26328455,26044942,26193062,26037654,26124252,25642455
207,0,1,1023,26915107,26812285,26319895,26493801,26238225,26430371,26429277,26316384,26648536,26217573,26604985,26376115,26024481,26474065,26359681,26081596,26229384,26072672,26161699,25675881
208,31,1,1023,26883537,26778667,26288757,26460199,26206503,26397638,26397450,26280936,26614167,26183769,26570140,26340349,25989392,26437968,26326961,26046615,26190722,26037359,26124354,25641077
209,0,1,1023,26918352,26814423,26322199,26496249,26238424,26432147,26432106,26316971,26651680,26220264,26607515,26378398,26025056,26475416,26364593,26086062,26226824,26075347,26160042,25679914
210,31,1,1023,26883870,26779474,26286906,26464072,26202549,26397717,26398060,26281784,26615554,26185500,26570218,26343700,25990424,26438221,26325595,26046625,26188829,26036983,26122730,25640987
211,0,1,1023,26917254,26809469,26318264,26497458,26238165,26431265,26428563,26315356,26647616,26219787,26601776,26375099,26024141,26473118,26360958,26083708,26228080,26071380,26158788,25674153
212,31,1,1023,26887341,26779112,26288164,26467397,26207986,26400439,26396891,26282925,26618152,26186499,26571101,26344423,25990465,26441862,26327563,26048293,26193287,26038631,26122016,25641666
213,0,1,1023,26921858,26815852,26323660,26500592,26243357,26436221,26433069,26316555,26653355,26222447,26606969,26379935,26024230,26474776,26364138,26085439,26233014,26075904,26161710,25679099
214,31,1,1023,26886155,26783334,26292240,26466212,26207522,26402094,26396753,26281446,26618538,26187559,26570080,26344372,25989066,26439205,26327741,26049376,26193085,26039645,26127928,25643007
215,0,1,1023,26919397,26813625,26320836,26495353,26237913,26433519,26426688,26314101,26650640,26221544,26600777,26371752,26020590,26470553,26359158,26084569,26228039,26072673,26159797,25674515
216,31,1,1023,26884300,26779623,26291581,26459846,26208184,26401797,26393953,26280672,26616040,26188412,26568244,26338259,25988913,26433683,26323161,26049379,26193059,26037837,26123145,25642650
217,0,1,1023,26919521,26815769,26327497,26495373,26240816,26436457,26429786,26317051,26651908,26223017,26606513,26376318,26027683,26472549,26363464,26086896,26233852,26074187,26162676,25677460
218,31,1,1023,26887503,26783551,26292813,26462698,26207626,26401602,26396518,26282234,26616134,26186584,26570276,26342408,25995043,26438373,26326688,26051710,26197124,26039180,26128947,25644269
219,0,1,1023,26918586,26813160,26322597,26494232,26238487,26433947,26428437,26312529,26650369,26221377,26601780,26375174,26026008,26470891,26362897,26084034,26233807,26073500,26160675,25675364
220,31,1,1023,26885793,26778899,26290523,26462542,26205397,26402342,26397606,26278868,26615535,26187216,26567079,26342074,25989581,26438105,26328112,26047286,26197709,26038139,26123957,25641434
221,0,1,1023,26920472,26813408,26323004,26498976,26243955,26436001,26433940,26314196,26651578,26221956,26603938,26377301,26023856,26470543,26361165,26085065,26235753,26073039,26160973,25674012
222,31,1,1023,26886733,26782261,26292838,26467772,26209963,26400817,26397303,26280409,26617799,26185394,26570190,26341957,25991805,26435995,26326985,26050709,26199783,26037989,26126754,25643759
223,0,1,1023,26918242,26815353,26323075,26502267,26241394,26434207,26428676,26315405,26653583,26219009,26601916,26375388,26024514,26472079,26361813,26085081,26233682,26075073,26161493,25675428
224,31,1,1023,26883914,26782543,26289750,26466102,26207846,26401760,26394720,26282964,26620041,26185775,26567495,26341771,25991306,26438370,26326176,26050421,26195516,26041584,26125559,25641974
225,0,1,1023,26919138,26817408,26325972,26498743,26240923,26436413,26430481,26318038,26651932,26221693,26605052,26378551,26027905,26473951,26363242,26086240,26234058,26078004,26163908,25678748
226,31,1,1023,26884407,26783454,26292240,26463468,26207537,26402169,26393382,26282480,26618126,26184932,26569910,26342526,25990906,26436863,26327361,26047350,26195814,26041771,26126886,25642761
227,0,1,1023,26917743,26817908,26324442,26493907,26239629,26433228,26426806,26315803,26655102,26218846,26603519,26377337,26026493,26471770,26360039,26085014,26233028,26076065,26161810,25677786
228,31,1,1023,26881281,26783106,26288846,26460086,26206110,26399843,26392826,26281983,26620650,26183323,26566809,26343598,25992627,26437911,26325985,26049524,26195976,26038610,26125984,25643045
229,0,1,1023,26916413,26817317,26322106,26495424,26241500,26433619,26427943,26316563,26656438,26219077,26600942,26376445,26027497,26472245,26362626,26088225,26233828,26075707,26159424,25677147
230,31,1,1023,26884825,26783793,26291894,26464235,26205519,26401392,26396373,26283151,26621285,26184174,26568939,26343280,25993344,26439488,26329490,26051208,26197874,26041192,26124160,25641019
231,0,1,1023,26917005,26815098,26324133,26496500,26239401,26433713,26431148,26315581,26655929,26218549,26604528,26376795,26028454,26475643,26363530,26086850,26234604,26076514,26162279,25677743
232,31,1,1023,26881763,26781785,26291575,26461902,26202821,26396746,26395749,26282569,26621863,26186257,26567268,26343166,25995569,26440704,26327240,26050849,26193898,26039428,26125774,25640437
233,0,1,1023,26915840,26817002,26326482,26496840,26239951,26432297,26430992,26317745,26656934,26222802,26604465,26378571,26030178,26473627,26364289,26085065,26233224,26076376,26160775,25677986
234,31,1,1023,26882170,26784088,26293764,26462816,26204863,26399815,26397302,26283051,26622575,26189954,26570400,26343742,25993321,26438869,26329819,26050943,26197182,26039812,26124345,25642141
235,0,1,1023,26916441,26817961,26324774,26497156,26237390,26434154,26432954,26315372,26657620,26225137,26606782,26377172,26026929,26474520,26363891,26087966,26233691,26076061,26161464,25677679
236,31,1,1023,26886283,26786729,26294872,26465781,26206076,26402649,26401668,26283729,26627344,26190545,26572498,26342370,25995279,26441672,26330145,26055120,26199041,26042824,26127965,25648238
237,0,1,1023,26916890,26817051,26324640,26495465,26240636,26436620,26433540,26314681,26660524,26221823,26603912,26377320,26028509,26475125,26364499,26087667,26231092,26077688,26161573,25682903
238,31,1,1023,26881379,26781030,26290173,26459511,26203019,26399004,26397212,26277803,26619865,26184939,26565145,26340844,25991755,26438025,26327202,26048069,26191991,26039940,26123550,25642606
239,0,1,1023,26914935,26815628,26326310,26494902,26238814,26436206,26431935,26313042,26656440,26221471,26602757,26375104,26024280,26469490,26362651,26082914,26229982,26076160,26160666,25678169
240,31,1,1023,26885597,26782994,26291923,26464151,26205983,26400530,26397919,26280710,26620297,26187404,26568035,26341150,25992378,26437303,26328522,26049174,26196451,26041054,26126756,25647693
241,0,1,1023,26916819,26815477,26323271,26495211,26238204,26435538,26432005,26314141,26654468,26224154,26602717,26378143,26025373,26472827,26361422,26084193,26233724,26074635,26163535,25682080
242,31,1,1023,26880827,26779111,26288385,26459819,26201468,26398521,26396409,26276392,26617812,26184529,26565224,26340520,25989860,26434887,26323916,26046706,26193107,26032298,26124747,25642719
243,0,1,1023,26916852,26812515,26321934,26494114,26235577,26432137,26430708,26312978,26652063,26219075,26604026,26374077,26025596,26472943,26361221,26084429,26231788,26072320,26160089,25679551
244,31,1,1023,26881344,26779798,26286210,26454606,26201224,26399015,26395111,26278418,26616410,26182574,26568080,26339351,25991238,26435004,26323637,26045832,26193729,26035664,26123306,25643332
245,0,1,1023,26918664,26813745,26324452,26491016,26237577,26436233,26432040,26315946,26651999,26220014,26603945,26376117,26029116,26471253,26364961,26082779,26231298,26073872,26162475,25682092
246,31,1,1023,26884596,26781226,26290046,26460853,26203119,26402966,26396618,26278554,26616051,26185867,26567465,26340256,25992023,26437613,26326702,26047032,26196030,26037480,26123661,25644887
247,0,1,1023,26916661,26814453,26320589,26492918,26235961,26434760,26429178,26311339,26649620,26221954,26600433,26373366,26026199,26469801,26361574,26082792,26228815,26074287,26159618,25676565
248,31,1,1023,26883153,26785143,26288195,26462277,26203612,26400075,26394661,26277379,26613870,26184291,26565725,26340171,25991559,26435462,26326121,26046280,26195276,26038394,26124024,25641018
249,0,1,1023,26915592,26815042,26321829,26495196,26235993,26431661,26429183,26311567,26651290,26218272,26600694,26374695,26026762,26468997,26359390,26083752,26230464,26073129,26156997,25678318
250,31,1,1023,26882939,26779172,26291339,26460274,26206255,26400299,26396213,26278240,26616409,26184372,26569214,26338746,25992983,26437741,26324377,26047155,26196134,26038360,26124064,25645079
251,0,1,1023,26916882,26812152,26325580,26493641,26238905,26434484,26430721,26312887,26651841,26219992,26604561,26375350,26027824,26473187,26359745,26085446,26233083,26072930,26161028,25678062
252,31,1,1023,26882341,26778287,26291395,26456419,26207146,26396955,26394968,26277623,26616545,26183734,26567501,26340695,25995597,26439194,26324966,26047715,26193422,26036785,26126448,25643114
253,0,1,1023,26916448,26810890,26323549,26489919,26240578,26431447,26426624,26310490,26652926,26219919,26603458,26373045,26026216,26472935,26361576,26082788,26230560,26070905,26159879,25677154
254,31,1,1023,26882579,26780662,26290860,26461627,26205028,26396626,26394385,26277886,26616475,26185925,26568828,26338370,25992859,26438231,26325100,26048612,26197320,26036404,26127141,25641775
255,0,1,1023,26915384,26818216,26322803,26496308,26238409,26431178,26428510,26315364,26650370,26222764,26606041,26375764,26028397,26474752,26363720,26087298,26234744,26073906,26165403,25677370
256,31,1,1023,26880911,26780772,26289251,26460211,26203457,26395447,26395255,26278325,26613576,26182706,26565696,26338176,25991122,26438217,26324565,26049900,26194432,26033649,26124907,25638974
257,0,1,1023,26917245,26818046,26326930,26497886,26240543,26429348,26433268,26317336,26651226,26223367,26602014,26374186,26027602,26475628,26363562,26088067,26234313,26073336,26165128,25677788
258,31,1,1023,26881765,26783011,26289029,26462802,26206526,26395229,26396879,26280974,26614631,26185203,26564874,26337228,25989405,26437300,26326799,26046969,26197084,26033246,26125397,25640584
259,0,1,1023,26913507,26814574,26320613,26493752,26237504,26429780,26429573,26314763,26650493,26221467,26600459,26371624,26023416,26465661,26356231,26081518,26234089,26069746,26158307,25676809
260,31,1,1023,26883920,26785566,26291227,26460498,26205875,26396224,26397248,26280266,26618165,26189502,26567838,26341048,25992149,26438051,26326466,26047580,26200463,26038953,26126923,25643236
261,0,1,1023,26916275,26816413,26320056,26494736,26236798,26430730,26430883,26313096,26649765,26223067,26598867,26372516,26023033,26468784,26357213,26081575,26232904,26070639,26160903,25678094
262,31,1,1023,26883175,26782521,26285672,26459877,26204003,26396845,26395098,26277828,26615195,26186702,26564302,26336822,25986609,26433986,26323812,26044758,26196187,26035373,26123445,25640889
263,0,1,1023,26915142,26816645,26319997,26492441,26237928,26431871,26430699,26314617,26651503,26225543,26600407,26371267,26023450,26469683,26359083,26082033,26233224,26070348,26160208,25676272
264,31,1,1023,26882550,26784420,26289140,26461997,26204972,26397155,26395243,26280087,26615666,26189238,26565120,26337038,25990084,26435369,26324484,26044586,26196913,26035481,26124950,25643362
265,0,1,1023,26917220,26817656,26323690,26494965,26239032,26433342,26429491,26313632,26651920,26225040,26601555,26372061,26024857,26469540,26360491,26081605,26233480,26072465,26159539,25677145
266,31,1,1023,26880052,26783082,26286859,26459034,26204062,26394617,26393272,26277202,26612877,26187400,26562894,26336210,25990414,26435226,26323620,26044336,26193071,26033865,26122786,25640222
267,0,1,1023,26915310,26817631,26322196,26490625,26237817,26432487,26427029,26311795,26649067,26224206,26599008,26371481,26024694,26473720,26358427,26080728,26233480,26071852,26161672,25674369
268,31,1,1023,26884586,26785768,26290867,26459280,26207307,26404157,26394949,26280975,26618234,26191320,26567235,26341149,25994068,26441718,26328111,26046688,26199714,26038758,26127662,25642651
269,0,1,1023,26916872,26812477,26319475,26489816,26237228,26431006,26428493,26310875,26648215,26222176,26598123,26372253,26024590,26473670,26361361,26081337,26231597,26072526,26161496,25674673
270,31,1,1023,26883395,26784751,26288569,26457892,26206083,26398550,26394239,26278598,26613120,26189720,26563940,26339591,25992349,26438500,26327144,26047533,26197652,26037087,26127327,25643281
271,0,1,1023,26918736,26817953,26322812,26491537,26239329,26432326,26429097,26314054,26649167,26225640,26599878,26375027,26027490,26472287,26362985,26082707,26234479,26071465,26162884,25678540
272,31,1,1023,26886466,26782175,26287664,26460803,26207953,26397180,26394719,26279814,26614239,26188618,26567539,26338490,25992461,26438959,26326567,26047276,26196101,26034862,26127606,25644771
273,0,1,1023,26919581,26819960,26322926,26496022,26242968,26433298,26431187,26315354,26651570,26223740,26601899,26372007,26024498,26473104,26363785,26081994,26233618,26073812,26162668,25680975
274,31,1,1023,26885571,26784019,26290061,26461391,26208206,26397991,26395400,26278767,26616215,26187211,26563777,26337030,25988186,26435488,26326273,26044558,26197112,26034755,26125305,25643527
275,0,1,1023,26919802,26818402,26322277,26496793,26240526,26434556,26432155,26314300,26650915,26225884,26603345,26373556,26026135,26469665,26364127,26084200,26236285,26071871,26163634,25678358
276,31,1,1023,26886305,26785645,26288364,26461165,26206930,26403211,26398864,26281003,26618485,26188111,26569084,26340691,25994136,26437342,26328276,26048082,26199858,26038801,26128349,25644178
277,0,1,1023,26919612,26817682,26324655,26491400,26239620,26437359,26432756,26314058,26652330,26220213,26604059,26374555,26025923,26473134,26358408,26082795,26234348,26073484,26161615,25678663
278,31,1,1023,26885910,26784144,26291179,26457427,26204133,26400638,26399369,26278824,26617306,26183123,26569976,26339372,25993899,26435011,26324886,26049095,26198895,26038632,26124258,25643903
279,0,1,1023,26922835,26818061,26321735,26494075,26238820,26434044,26433809,26315099,26653863,26221123,26607160,26373604,26029055,26470848,26360766,26085865,26236872,26075696,26163289,25678846
280,31,1,1023,26890470,26784546,26289935,26459365,26204074,26399116,26400365,26278992,26618339,26186784,26569779,26340090,25995709,26436885,26325613,26047950,26199649,26040740,26125722,25645555
281,0,1,1023,26923748,26819589,26322477,26495737,26237853,26434213,26435528,26314238,26654845,26221315,26605928,26373804,26027561,26468507,26359004,26084543,26237692,26078902,26163081,25680235
282,31,1,1023,26890609,26784639,26288879,26461305,26206691,26399216,26399452,26281675,26619455,26185229,26571058,26341697,25993416,26432305,26324866,26050267,26198627,26040436,26128486,25645274
283,0,1,1023,26921972,26818356,26322885,26491321,26239981,26436884,26432465,26314741,26655377,26222963,26606410,26376618,26028570,26466628,26362636,26085684,26235760,26077921,26163335,25679026
284,31,1,1023,26886871,26786259,26288775,26457416,26205567,26404706,26398698,26280623,26619892,26188054,26570294,26341655,25992430,26432200,26328037,26046859,26199699,26042927,26129198,25643213
285,0,1,1023,26919941,26820162,26319466,26490058,26240257,26440068,26432285,26315820,26654954,26221680,26605324,26376965,26027053,26467974,26363005,26084531,26237097,26078115,26162895,25677769
286,31,1,1023,26883020,26785008,26285614,26452461,26204943,26403724,26397944,26279250,26619025,26185886,26566835,26339161,25990126,26434594,26325990,26047183,26196199,26038977,26123344,25643111
287,0,1,1023,26916598,26818547,26320378,26489528,26238458,26436795,26430533,26313333,26653648,26221530,26603840,26376033,26025189,26466175,26361810,26082459,26232102,26073429,26157734,25677463
288,31,1,1023,26885554,26786970,26288213,26458915,26208952,26404529,26398763,26279614,26620852,26188404,26571042,26342243,25992445,26431855,26328308,26046704,26197055,26040413,26122981,25644661
289,0,1,1023,26919685,26820305,26318238,26490697,26240654,26434598,26432324,26313434,26653295,26221326,26602998,26376730,26029017,26466386,26360677,26083558,26232732,26075091,26157301,25678258
290,31,1,1023,26887048,26786517,26288395,26456817,26208378,26401566,26397251,26282394,26617116,26188373,26572046,26340614,25993750,26435199,26328356,26048026,26198989,26038806,26123512,25644338
291,0,1,1023,26917475,26819464,26324190,26491466,26242393,26436588,26431454,26317578,26653428,26226704,26606329,26375277,26026141,26467698,26360977,26083921,26235877,26074315,26164717,25680388
292,31,1,1023,26887965,26789914,26294416,26457134,26209331,26404466,26398531,26284440,26622581,26192459,26572273,26341302,25995635,26436177,26330113,26050137,26201431,26039894,26127624,25647443
293,0,1,1023,26919375,26820637,26324002,26493209,26239439,26437620,26433353,26315828,26653087,26222410,26605041,26375290,26027312,26470503,26362802,26083841,26235154,26077279,26163190,25675750
294,31,1,1023,26885220,26786071,26291009,26458037,26210064,26402122,26398518,26280623,26618077,26188612,26567802,26340807,25992609,26431532,26328763,26045995,26198631,26040296,26124698,25642568
295,0,1,1023,26916502,26818304,26321827,26494203,26240290,26435373,26430479,26313735,26650047,26223851,26605002,26374283,26026090,26467741,26360984,26083080,26234510,26076195,26161383,25677656
296,31,1,1023,26885051,26786480,26289546,26463315,26207773,26401682,26399059,26283290,26617616,26190031,26572531,26341269,25994700,26437232,26327573,26047136,26198890,26041811,26127076,25643253
297,0,1,1023,26916077,26815416,26320173,26489688,26242248,26433451,26430428,26315662,26652400,26222358,26604373,26371787,26027369,26467822,26363595,26082070,26231436,26075459,26161434,25673682
298,31,1,1023,26886714,26783291,26290575,26461437,26210354,26400160,26400621,26281837,26617736,26189579,26570975,26340101,25993154,26437147,26328238,26048683,26199202,26040979,26129382,25640930
299,0,1,1023,26918518,26817838,26321706,26493587,26242306,26432303,26432469,26313713,26649847,26223060,26603927,26373705,26025852,26468653,26362664,26084885,26230610,26073758,26162745,25672420
300,31,1,1023,26881963,26782684,26285727,26458110,26206657,26402075,26396752,26275611,26615522,26186471,26568678,26337916,25988289,26433237,26325900,26047353,26194010,26036796,26124926,25638163
301,0,1,1023,26918634,26819897,26321408,26495023,26242011,26438352,26432702,26312698,26650656,26225898,26607857,26373909,26023244,26473714,26364420,26086354,26234466,26076505,26163041,25675715
302,31,1,1023,26883382,26787042,26290136,26459694,26206631,26402115,26399046,26277583,26616776,26189937,26570395,26340470,25990748,26438361,26330077,26048946,26197922,26039543,26126243,25643716
303,0,1,1023,26916578,26818206,26322845,26493149,26236743,26436352,26430804,26312139,26651692,26226076,26603670,26375411,26025422,26471887,26362850,26083538,26234907,26075566,26162986,25677231
304,31,1,1023,26883258,26787134,26287873,26459304,26205630,26404320,26394290,26277042,26617265,26188598,26568111,26337422,25988070,26432958,26328678,26048239,26195363,26038156,26124687,25638600
305,0,1,1023,26919563,26817209,26322186,26491878,26238845,26437866,26429357,26313834,26654434,26222859,26602625,26373743,26023686,26467538,26363011,26084484,26231573,26072716,26157829,25675855
306,31,1,1023,26884811,26785231,26289451,26458568,26205792,26405834,26395979,26280874,26619669,26188086,26566168,26339420,25990845,26435505,26325744,26047534,26196363,26037392,26124379,25641460
307,0,1,1023,26917354,26818026,26325469,26492610,26238990,26439847,26432298,26314970,26654889,26222397,26605581,26374894,26026186,26469795,26359111,26086491,26232662,26075661,26160952,25676201
308,31,1,1023,26883965,26782554,26290803,26462050,26206884,26407263,26399864,26280730,26619882,26189943,26571155,26341169,25990004,26434144,26328636,26048809,26197062,26039843,26126510,25641965
309,0,1,1023,26917092,26816967,26322944,26494616,26239745,26438953,26430636,26314465,26652560,26224037,26604533,26375607,26020076,26470973,26362937,26086681,26232160,26073641,26162285,25675395
310,31,1,1023,26886862,26784290,26291857,26460510,26205900,26406406,26398630,26280071,26616700,26190185,26569173,26341291,25987907,26442314,26330314,26050353,26194571,26038639,26126849,25640979
311,0,1,1023,26921119,26818365,26326386,26494976,26239923,26439657,26431760,26317512,26652483,26225964,26604835,26373452,26025470,26477624,26365837,26087743,26235652,26075911,26162201,25678342
312,31,1,1023,26886987,26781667,26292882,26460358,26205814,26404066,26399302,26282502,26617981,26190486,26570542,26338268,25991552,26437591,26330315,26048023,26199230,26037076,26123731,25644054
313,0,1,1023,26922151,26815204,26324952,26495364,26241097,26441011,26432557,26318189,26652606,26222554,26604768,26374974,26026977,26473899,26365506,26086808,26230996,26074740,26161156,25678916
314,31,1,1023,26886356,26779890,26291030,26460552,26204734,26406438,26395526,26280658,26620481,26184370,26567225,26339821,25989894,26436414,26328489,26046760,26197568,26038001,26123424,25643941
315,0,1,1023,26923290,26815522,26328359,26496484,26243612,26440530,26432020,26316781,26656533,26224619,26605593,26376495,26026790,26475347,26364127,26086545,26236959,26075921,26161539,25680409
316,31,1,1023,26888861,26783766,26297660,26464775,26211221,26405478,26399995,26283663,26621191,26190451,26573561,26343232,25992502,26441465,26329078,26050375,26197583,26040115,26129099,25646041
317,0,1,1023,26919730,26816441,26328986,26495837,26240549,26440316,26432829,26317674,26654895,26226226,26606772,26375823,26026702,26472508,26362801,26083605,26236245,26076055,26163917,25678044
318,31,1,1023,26886361,26779898,26293718,26458893,26204728,26406152,26397671,26281716,26616452,26186518,26567945,26338966,25991197,26434717,26325857,26047085,26196798,26035280,26123842,25641972
319,0,1,1023,26918851,26818059,26327554,26492743,26237819,26440460,26431849,26316116,26651962,26220867,26605876,26372553,26026776,26471073,26362022,26082672,26232535,26073831,26161043,25676744
320,31,1,1023,26884646,26781000,26290927,26461135,26205472,26403649,26396979,26280733,26615675,26183319,26570379,26337696,25993268,26432877,26329245,26046974,26195816,26036362,26122536,25642086
321,0,1,1023,26917838,26813943,26323697,26492148,26237713,26436622,26430483,26315362,26651028,26219710,26607680,26371727,26028886,26466747,26363324,26083214,26230807,26071301,26162038,25676267
322,31,1,1023,26890880,26786087,26295153,26461926,26208180,26404514,26400326,26283180,26620339,26188294,26572942,26342613,25995094,26437766,26328780,26050567,26199308,26040559,26129718,25644446
323,0,1,1023,26923784,26819157,26327753,26493118,26242582,26437593,26433517,26315627,26654323,26222923,26607139,26377516,26028546,26472644,26365358,26086498,26237682,26075043,26164435,25678871
324,31,1,1023,26888213,26785061,26294033,26459345,26205603,26403012,26399067,26281452,26619307,26188341,26571400,26341861,25992508,26440125,26329490,26049583,26197616,26037729,26129514,25643717
325,0,1,1023,26921289,26816804,26327497,26493223,26237220,26438089,26432959,26316968,26655217,26220807,26602605,26375249,26025824,26476329,26363251,26084681,26234959,26074153,26161055,25677152
326,31,1,1023,26889599,26785657,26294957,26464333,26207507,26406355,26401171,26284160,26621092,26186265,26568410,26342372,25994006,26441767,26329980,26048408,26198318,26040806,26126507,25645175
327,0,1,1023,26921324,26817214,26327039,26497531,26242028,26437860,26435420,26316776,26652422,26221026,26604449,26375105,26026847,26474552,26365614,26081579,26234119,26074186,26164679,25680910
328,31,1,1023,26884961,26781870,26292416,26461673,26204835,26402571,26398961,26279433,26615774,26185301,26568183,26340076,25991155,26438183,26329500,26045408,26198672,26036953,26126201,25641474
329,0,1,1023,26920694,26821001,26323626,26497658,26240781,26437710,26434814,26313123,26652643,26220477,26602770,26375316,26027937,26471781,26366273,26084764,26235691,26074035,26162720,25678762
330,31,1,1023,26886634,26787914,26291383,26461898,26206352,26404053,26400143,26279840,26619803,26184466,26568920,26341529,25993358,26439115,26331443,26048988,26199599,26039187,26126736,25643530
331,0,1,1023,26919807,26816893,26327509,26498608,26240523,26439596,26433870,26314537,26655958,26224603,26604125,26378337,26027819,26473525,26365787,26085820,26238654,26075717,26165534,25680610
332,31,1,1023,26882395,26782736,26290592,26460457,26202076,26404383,26395938,26276641,26620949,26184716,26567929,26338166,25989236,26438548,26328872,26045749,26198887,26036668,26129187,25640416
333,0,1,1023,26920234,26818462,26324506,26494646,26239823,26437651,26430484,26313285,26656859,26220457,26607396,26377147,26026851,26475355,26364751,26084963,26236540,26072904,26164971,25676975
334,31,1,1023,26887628,26783677,26291151,26463165,26204577,26401971,26398925,26278906,26621032,26185308,26570831,26342973,25993373,26438828,26329641,26047820,26200348,26037753,26129351,25643258
335,0,1,1023,26921279,26821549,26323217,26496174,26239774,26438206,26433436,26316059,26657288,26223568,26607044,26379500,26028671,26471950,26366856,26083997,26235747,26075679,26166332,25681981
336,31,1,1023,26888711,26789142,26289424,26460902,26204044,26403960,26399042,26280838,26622142,26187163,26570825,26343410,25992098,26436413,26330807,26049643,26200736,26039180,26127678,25644845
337,0,1,1023,26918992,26818945,26324069,26493371,26238260,26436856,26432801,26316223,26654437,26222425,26604615,26378120,26024261,26470409,26365073,26084108,26235349,26074225,26161006,25680820
338,31,1,1023,26885042,26785120,26288517,26458513,26205929,26401305,26397501,26279323,26620083,26187246,26567715,26341552,25989628,26434540,26327836,26045201,26195388,26035907,26126004,25641652
339,0,1,1023,26915840,26816011,26321100,26492141,26239699,26434904,26431267,26312118,26653720,26219786,26602581,26376840,26024257,26467948,26364271,26081735,26231321,26071611,26161260,25678228
340,31,1,1023,26886001,26782941,26289493,26459430,26203205,26402147,26397951,26278440,26619532,26188872,26568062,26342484,25989012,26434972,26327495,26045208,26195178,26035748,26124539,25643914
341,0,1,1023,26917892,26816083,26322957,26491420,26238088,26436905,26431084,26309643,26652931,26221605,26602092,26375103,26022503,26468185,26364381,26082569,26231845,26070630,26160833,25675982
342,31,1,1023,26886188,26783227,26289731,26459024,26204414,26402822,26398492,26278106,26618193,26188951,26565308,26342236,25988002,26438309,26327671,26045833,26196972,26035693,26127593,25642883
343,0,1,1023,26919348,26811584,26320027,26491462,26236397,26435140,26430221,26309736,26652015,26222672,26598200,26375639,26022108,26469968,26362217,26082309,26232588,26071119,26161647,25675304
344,31,1,1023,26885969,26782207,26288048,26456765,26204732,26403674,26396950,26274276,26617291,26185888,26565912,26341646,25987596,26438002,26326442,26047669,26195882,26035616,26126929,25644327
345,0,1,1023,26920957,26818791,26321923,26493480,26236066,26437473,26431048,26311131,26652946,26222927,26602646,26375731,26023587,26470872,26364749,26083870,26235195,26071302,26163593,25679295
346,31,1,1023,26887100,26785798,26290414,26459466,26204628,26401277,26397129,26276055,26613919,26185947,26566773,26342272,25988325,26437018,26328776,26046870,26194587,26035064,26127355,25644107
347,0,1,1023,26917561,26817576,26322542,26494186,26236970,26436776,26432788,26310112,26649532,26218851,26602554,26374454,26024659,26472724,26363620,26083145,26233808,26072493,26159489,25676864
348,31,1,1023,26884842,26783869,26290395,26461726,26206544,26403344,26395476,26275578,26617569,26185892,26567519,26340446,25992611,26440688,26329017,26046676,26195599,26035530,26124433,25642231
349,0,1,1023,26916468,26815667,26322907,26489658,26236309,26434237,26429751,26309420,26653737,26222256,26604421,26373046,26025041,26471664,26363077,26083407,26233581,26071132,26158159,25677065
350,31,1,1023,26882614,26780997,26290355,26460284,26205818,26402287,26395592,26275542,26615971,26185777,26568386,26341589,25990511,26436218,26327002,26047329,26195396,26036214,26122935,25642397
351,0,1,1023,26918623,26815515,26324812,26496380,26242018,26436756,26429671,26309962,26650256,26221309,26606566,26378115,26026085,26472732,26362371,26083683,26228287,26072320,26161775,25676642
352,31,1,1023,26885047,26783046,26290564,26460703,26207304,26403312,26395413,26276082,26616594,26186828,26571329,26341816,25993660,26437289,26328895,26049140,26196066,26036616,26127378,25644172
353,0,1,1023,26915812,26813893,26322021,26494277,26240656,26437630,26425489,26306411,26648061,26218439,26603719,26373167,26026501,26470126,26361853,26083803,26232906,26071174,26160310,25675078
354,31,1,1023,26881778,26778458,26288869,26458971,26206289,26403095,26392181,26273190,26613410,26184746,26568710,26338894,25990958,26435822,26327945,26048265,26196524,26034341,26122899,25642159
355,0,1,1023,26916535,26815020,26322692,26493812,26237868,26438155,26427985,26309231,26649985,26222677,26604788,26373779,26025744,26472983,26361658,26083695,26234317,26071838,26158185,25677912
356,31,1,1023,26883902,26781047,26290762,26459029,26205556,26405458,26395353,26274295,26616785,26186247,26569055,26339150,25993531,26438748,26328871,26047321,26194968,26036080,26125304,25646282
357,0,1,1023,26916365,26814682,26326134,26493364,26242356,26439371,26426254,26310425,26650709,26222167,26603209,26375537,26025274,26470950,26364579,26083739,26232906,26073549,26159272,25677149
358,31,1,1023,26884019,26782521,26293576,26459519,26209199,26407331,26396242,26278281,26615991,26186723,26565010,26341700,25992094,26438732,26332081,26050349,26196955,26037682,26125218,25643747
359,0,1,1023,26920140,26816790,26327289,26494666,26246073,26443226,26433634,26313932,26653204,26224252,26605694,26377848,26027125,26475573,26367802,26085486,26236691,26075820,26164567,25682522
360,31,1,1023,26885152,26779894,26294469,26461062,26205581,26405885,26396945,26276985,26616839,26185996,26569417,26341962,25993046,26438794,26327867,26046553,26197034,26037026,26126297,25644928
361,0,1,1023,26915362,26812352,26326968,26494134,26238158,26439471,26430764,26310909,26652487,26221790,26604883,26375859,26027760,26474355,26362385,26083184,26234002,26074258,26161336,25679889
362,31,1,1023,26885442,26778557,26294086,26462857,26204733,26404491,26398305,26276997,26617174,26186155,26570908,26340181,25993706,26438338,26327033,26049887,26199059,26037724,26122088,25645777
363,0,1,1023,26921081,26813377,26325954,26498093,26239800,26439364,26430850,26311950,26652966,26223662,26606624,26375389,26026166,26474354,26364804,26084139,26234612,26072973,26162563,25681859
364,31,1,1023,26889599,26781883,26294421,26465987,26208166,26407378,26400287,26280791,26617422,26190419,26570229,26342716,25992262,26441310,26331109,26049348,26200630,26038342,26130529,25650728
365,0,1,1023,26919354,26812267,26325027,26495447,26239128,26439719,26429627,26312487,26649425,26221766,26603124,26375459,26027957,26474718,26363490,26083696,26233789,26071927,26161262,25682627
366,31,1,1023,26884029,26781577,26291353,26458391,26199619,26403730,26392146,26275517,26612614,26183745,26565648,26337933,25990426,26438288,26324263,26046055,26196585,26033884,26124514,25644547
367,0,1,1023,26918626,26818216,26323929,26493697,26237041,26440980,26426338,26310925,26649577,26219307,26604147,26373373,26026577,26472716,26362147,26083122,26233198,26071112,26161484,25679502
368,31,1,1023,26884834,26784878,26288893,26461149,26202736,26405406,26394347,26276552,26616590,26185726,26565522,26339917,25988611,26436588,26325806,26046558,26194744,26035647,26122835,25642103
369,0,1,1023,26921991,26819676,26325446,26495450,26240123,26439502,26430803,26310444,26652600,26223747,26603042,26379038,26023959,26469876,26363083,26085422,26234272,26073324,26161718,25681365
370,31,1,1023,26885019,26784249,26292104,26460827,26204090,26406034,26396483,26276041,26617773,26187447,26569229,26343062,25990749,26433662,26327544,26046396,26194609,26036266,26124737,25645659
371,0,1,1023,26917734,26812762,26325171,26490080,26236169,26439931,26430958,26312059,26650845,26222864,26604929,26374602,26024322,26470204,26360751,26082704,26232725,26069798,26160771,25678253
372,31,1,1023,26887557,26781813,26292785,26456353,26205906,26405320,26397460,26280930,26616898,26187456,26571140,26342187,25991437,26435062,26324868,26049569,26194354,26037784,26126245,25644810
373,0,1,1023,26918473,26815208,26324092,26489706,26236524,26436655,26429856,26311794,26648394,26220563,26603820,26373656,26027208,26469640,26361662,26082947,26234769,26071925,26158033,25679984
374,31,1,1023,26887183,26781402,26292645,26457107,26204946,26403141,26396193,26278452,26616022,26185678,26570244,26342140,25991497,26435692,26327310,26045961,26198131,26035927,26125357,25647455
375,0,1,1023,26920773,26812809,26325942,26491707,26238707,26435941,26430220,26314369,26650292,26220593,26603309,26375957,26025016,26469728,26361656,26084953,26235670,26069244,26157412,25680293
376,31,1,1023,26887217,26780932,26294621,26458790,26206856,26401773,26396674,26282214,26618889,26185902,26568094,26340947,25990475,26436591,26328326,26047801,26199079,26035673,26122744,25644120
377,0,1,1023,26919873,26812849,26326594,26490703,26238025,26438903,26431431,26315235,26650172,26218164,26605239,26376145,26023576,26469714,26360480,26083531,26233214,26070166,26160218,25677768
378,31,1,1023,26885201,26778458,26292115,26460442,26204785,26403659,26396328,26278727,26615181,26184481,26566429,26340179,25990690,26432048,26325281,26047656,26196230,26031980,26124186,25640775
379,0,1,1023,26918641,26812959,26323784,26490638,26241712,26435885,26430586,26312920,26648621,26217495,26602313,26373611,26025600,26467477,26361787,26080873,26231750,26067252,26159983,25677067
380,31,1,1023,26887983,26783703,26296562,26459925,26211561,26402468,26398490,26280585,26618708,26182389,26569370,26341343,25993391,26435337,26329839,26047901,26200571,26032294,26127965,25645578
381,0,1,1023,26915498,26816171,26326413,26492071,26239662,26432934,26430209,26310941,26649724,26213341,26602120,26371481,26023512,26470141,26362327,26081092,26234247,26065956,26159249,25678775
382,31,1,1023,26884011,26781585,26295294,26457901,26204598,26398990,26394534,26275570,26613437,26177598,26569103,26336648,25987496,26433247,26321279,26045735,26196506,26029165,26120903,25642553
383,0,1,1023,26915162,26814550,26325019,26492208,26237756,26434429,26426578,26309984,26645982,26215177,26603253,26372587,26020734,26467507,26358541,26082554,26231432,26064682,26157156,25676019
384,31,1,1023,26884691,26782225,26292577,26459872,26207729,26403530,26394191,26278475,26615901,26182661,26569643,26339654,25988609,26431681,26324670,26048578,26194482,26033199,26123505,25644009
385,0,1,1023,26917512,26816419,26327649,26492994,26242954,26437582,26431029,26313475,26654143,26219563,26607602,26375158,26023924,26472121,26363702,26086733,26235118,26070279,26160240,25681995
386,31,1,1023,26884851,26782688,26293796,26457154,26208037,26401631,26396269,26276120,26618342,26183864,26570398,26337742,25986769,26432450,26326126,26048182,26196382,26034272,26124817,25643275
387,0,1,1023,26918034,26814640,26326358,26492366,26239815,26435082,26430344,26310455,26651344,26222115,26604030,26371881,26020270,26466668,26359871,26084652,26230974,26069519,26157421,25675588
388,31,1,1023,26883455,26779923,26292924,26457142,26206352,26402345,26394174,26276084,26618349,26186638,26568864,26339070,25988411,26433294,26325612,26047050,26197113,26034065,26122345,25641120
389,0,1,1023,26914054,26816067,26324838,26492809,26242645,26437552,26428451,26309918,26655376,26219582,26604907,26373658,26024110,26468644,26362432,26085467,26233600,26066071,26157510,25676604
390,31,1,1023,26883687,26783327,26290901,26460280,26208879,26401696,26398116,26279483,26620001,26187235,26567782,26338575,25989236,26435264,26327233,26049317,26196254,26033683,26125068,25645472
391,0,1,1023,26914463,26811928,26319170,26491332,26240094,26432467,26428737,26309358,26655012,26218299,26598241,26370897,26019848,26464564,26359127,26082625,26229776,26066416,26159751,25676811
392,31,1,1023,26883332,26783488,26288849,26460291,26208869,26401620,26396692,26277254,26622385,26183484,26567058,26338208,25985755,26435389,26328138,26045658,26193602,26034538,26126396,25644236
393,0,1,1023,26917082,26818050,26324678,26493975,26243683,26436922,26431383,26313509,26658176,26219279,26603301,26372091,26022318,26474114,26360463,26082196,26230213,26069335,26160188,25678491
394,31,1,1023,26880821,26778750,26288511,26458131,26209252,26399792,26395238,26276283,26621160,26183165,26566031,26336050,25988201,26438968,26322747,26046462,26193419,26030858,26122468,25642925
395,0,1,1023,26914747,26814950,26322296,26489925,26243339,26437185,26430322,26313965,26656564,26221737,26602725,26371327,26023263,26475184,26359523,26079850,26233020,26070634,26158133,25679594
396,31,1,1023,26880907,26779117,26290958,26455768,26208068,26399190,26393591,26279166,26619242,26181718,26568310,26333485,25986343,26435306,26326296,26042515,26192668,26034262,26124259,25641673
397,0,1,1023,26911670,26811313,26320912,26492026,26239648,26431415,26424186,26311828,26652691,26216040,26603564,26368507,26018984,26469283,26357777,26078688,26227287,26069571,26155364,25675079
398,31,1,1023,26882692,26779549,26289979,26457413,26207438,26399593,26390882,26277081,26618063,26182818,26566192,26337052,25989526,26437072,26324014,26043779,26196045,26035169,26122565,25639868
399,0,1,1023,26913217,26813311,26322325,26491718,26240017,26433895,26428040,26310833,26655633,26218386,26603116,26370468,26020491,26471129,26359759,26079949,26232917,26071364,26159228,25678908
400,31,1,1023,26881366,26776793,26287216,26457206,26208051,26398660,26393814,26276083,26620630,26184752,26563967,26335235,25986061,26434155,26325431,26042114,26191614,26035147,26121068,25639837
401,0,1,1023,26916617,26812793,26322609,26491867,26242300,26433048,26427395,26311101,26655404,26219841,26601318,26371718,26019503,26470476,26363550,26081532,26228691,26070416,26156957,25674412
402,31,1,1023,26884285,26779685,26290068,26459313,26206754,26398582,26395378,26276787,26618934,26184863,26568485,26336182,25985749,26437861,26325569,26043553,26195333,26035182,26122271,25640241
403,0,1,1023,26915386,26815453,26323388,26496141,26240028,26437058,26433391,26313214,26653930,26222598,26603964,26371915,26020715,26472511,26365211,26084366,26233535,26072839,26159954,25678582
404,31,1,1023,26883199,26778941,26289047,26462511,26203114,26402614,26395454,26278782,26618497,26187949,26566801,26336668,25983946,26434473,26326783,26046729,26191307,26034037,26123323,25640265
405,0,1,1023,26919438,26812708,26324150,26495515,26240637,26436284,26430844,26314686,26655491,26223504,26606271,26372831,26017722,26470533,26364018,26083498,26231875,26073508,26159770,25679660
406,31,1,1023,26883979,26778827,26291421,26462279,26206438,26402244,26394343,26278554,26620153,26188004,26569109,26336408,25983618,26435590,26325719,26044263,26194878,26036941,26123030,25644514
407,0,1,1023,26914921,26814226,26322606,26494289,26240383,26437473,26427784,26312876,26652918,26220773,26602555,26371902,26019955,26470282,26360884,26081369,26233061,26071285,26159102,25679512
408,31,1,1023,26885050,26784292,26292884,26458168,26206997,26403481,26394241,26279727,26620552,26188226,26569713,26338862,25987451,26435551,26327962,26045419,26198965,26036960,26125582,25644479
409,0,1,1023,26919116,26819618,26323675,26496335,26238261,26437045,26427565,26313443,26654264,26221443,26605079,26372002,26022122,26470723,26364056,26079542,26234726,26072538,26161672,25678539
410,31,1,1023,26884562,26785019,26293412,26462703,26208231,26401955,26392096,26279079,26620345,26186838,26568504,26337747,25988927,26438096,26329027,26043394,26198432,26035225,26127651,25643459
411,0,1,1023,26921153,26818112,26325829,26497287,26240760,26436614,26428362,26314553,26654935,26222028,26602524,26372030,26023941,26473346,26362314,26080649,26234214,26072530,26162989,25677916
412,31,1,1023,26887472,26784981,26296060,26463099,26210106,26402221,26395888,26280493,26620712,26187179,26568409,26339917,25990797,26442143,26328287,26048017,26197267,26038967,26128803,25643394
413,0,1,1023,26920909,26816964,26327780,26493944,26242119,26433605,26430103,26316136,26654765,26222635,26603731,26372598,26021781,26474960,26362860,26084639,26236219,26073203,26161571,25677602
414,31,1,1023,26888113,26781458,26293188,26460033,26210202,26400243,26396079,26280330,26620210,26188717,26568656,26337265,25989507,26440834,26329856,26047741,26199279,26037879,26126510,25643754
415,0,1,1023,26921450,26816346,26326705,26495850,26242439,26434047,26431260,26313092,26657903,26222306,26607475,26373609,26025496,26473295,26364556,26083340,26234939,26072628,26162674,25678228
416,31,1,1023,26887633,26781261,26294070,26460618,26207386,26401421,26395249,26277536,26621374,26186918,26570636,26340276,25989090,26436330,26329879,26048497,26197816,26036543,26127170,25642257
417,0,1,1023,26917203,26814674,26329351,26492648,26236256,26435484,26431513,26312180,26655946,26223077,26603927,26373325,26021670,26471844,26364099,26084582,26234978,26072278,26159325,25674646
418,31,1,1023,26887844,26786003,26294095,26460059,26205430,26403401,26397847,26280043,26622629,26188930,26568980,26339363,25989161,26437795,26331702,26051955,26199982,26037556,26127767,25642040
419,0,1,1023,26919156,26817900,26325644,26492224,26239165,26435893,26431256,26313567,26653682,26222448,26601773,26371669,26024701,26471104,26364038,26086162,26235621,26071198,26161923,25678266
420,31,1,1023,26886552,26784225,26291843,26460456,26204874,26400443,26395363,26277909,26618668,26187306,26565453,26338307,25989948,26436871,26324560,26045592,26198195,26035168,26124868,25639120
421,0,1,1023,26920243,26815593,26323566,26494345,26237766,26434403,26431251,26315061,26653795,26221858,26602411,26373488,26022626,26471427,26362354,26083493,26234376,26071088,26162213,25675955
422,31,1,1023,26884044,26780555,26287793,26460479,26207172,26401640,26396210,26280812,26618362,26186698,26565789,26337218,25986468,26435061,26326472,26045946,26195617,26033345,26123615,25641779
423,0,1,1023,26916083,26813583,26322027,26491983,26238080,26432135,26428505,26313611,26651551,26222244,26601688,26372307,26019073,26467968,26361971,26081782,26233647,26069470,26155490,25672729
424,31,1,1023,26887197,26784693,26288121,26458236,26203386,26397414,26394581,26279362,26616903,26186648,26564324,26338135,25988810,26434103,26328397,26047262,26194922,26034833,26122271,25638030
425,0,1,1023,26921809,26819665,26324686,26492650,26240306,26433392,26431172,26314071,26654060,26223973,26602177,26375667,26025738,26469998,26363527,26084895,26233615,26072803,26161209,25673995
426,31,1,1023,26886683,26783607,26289046,26459219,26204037,26398857,26395475,26281377,26616866,26187522,26565113,26342204,25989326,26436384,26327590,26047745,26193142,26036443,26126314,25639625
427,0,1,1023,26921414,26815800,26322024,26490024,26237944,26435513,26427787,26314458,26652924,26223711,26602791,26375763,26022614,26472530,26363312,26082257,26234243,26071048,26162905,25672626
428,31,1,1023,26884820,26782369,26289186,26455101,26204335,26399933,26393574,26276077,26617473,26186841,26566135,26340603,25989043,26437559,26327902,26047632,26193240,26034483,26124887,25636346
429,0,1,1023,26919150,26813547,26318553,26487670,26235424,26432274,26427846,26311180,26651734,26221322,26599556,26374868,26021185,26473335,26361249,26082006,26228096,26068909,26159231,25672116
430,31,1,1023,26886019,26782884,26288835,26458471,26201009,26401041,26396021,26278768,26615647,26187576,26566655,26343421,25989229,26439769,26326615,26046343,26193217,26035458,26123077,25637887
431,0,1,1023,26920632,26812628,26324568,26494467,26238347,26437614,26430380,26314839,26652302,26221755,26604703,26378014,26022737,26474331,26362147,26084925,26230164,26074007,26159154,25674141
432,31,1,1023,26886358,26782041,26291135,26460878,26207221,26404495,26398068,26281889,26620895,26187334,26572064,26342570,25989875,26442018,26328011,26049057,26195596,26038020,26125044,25641081
433,0,1,1023,26918311,26815738,26325225,26492523,26239043,26438254,26430870,26316126,26656194,26222575,26605535,26375645,26023452,26474643,26361280,26084107,26233502,26073552,26164420,25674934
434,31,1,1023,26884240,26779121,26291216,26456469,26204158,26401714,26393685,26280779,26619161,26187632,26570230,26343690,25988205,26440002,26325900,26046612,26197577,26035905,26126824,25639229
435,0,1,1023,26917016,26813550,26322087,26491335,26236940,26434431,26427978,26314462,26651376,26218929,26604751,26376595,26020006,26471879,26359402,26081924,26234507,26070265,26162103,25674079
436,31,1,1023,26881638,26780205,26290877,26456856,26203658,26404018,26393763,26279715,26616582,26185567,26567606,26342247,25986220,26436444,26325659,26045853,26198647,26035763,26125863,25640369
437,0,1,1023,26916203,26811067,26323197,26491264,26237166,26436060,26429168,26314859,26653312,26224430,26604245,26375353,26021698,26472524,26361803,26080280,26231196,26070153,26162896,25671994
438,31,1,1023,26883339,26777110,26290332,26458050,26204687,26404002,26395490,26279122,26619320,26186947,26569848,26341707,25989053,26436052,26324770,26043723,26193337,26035427,26125323,25640469
439,0,1,1023,26916447,26807110,26319538,26490197,26237988,26438325,26429620,26312961,26652623,26219257,26601937,26378321,26020209,26470726,26360659,26078965,26226791,26069582,26158804,25674156
440,31,1,1023,26884409,26777742,26288357,26460095,26206928,26406094,26395658,26280410,26618849,26187488,26567702,26345428,25990103,26438855,26327351,26047382,26196598,26034814,26127714,25640041
441,0,1,1023,26919585,26808038,26322443,26491454,26237753,26438890,26428719,26313702,26652468,26222234,26602739,26379149,26022852,26472959,26359024,26083854,26232184,26070679,26159713,25673118
442,31,1,1023,26886315,26774087,26291022,26461088,26205996,26405092,26395416,26281751,26618354,26188552,26568178,26342819,25989677,26441633,26322666,26048210,26198589,26036447,26123686,25639475
443,0,1,1023,26914783,26809651,26323498,26492065,26236759,26434457,26427053,26310336,26651082,26222459,26600860,26374794,26021703,26470505,26357924,26080249,26228848,26069825,26158343,25673342
444,31,1,1023,26884736,26776115,26292421,26458152,26202508,26404360,26395002,26276810,26618081,26184646,26565224,26340900,25989391,26440030,26322699,26046641,26195860,26035759,26121621,25637403
445,0,1,1023,26921766,26809040,26324862,26495296,26234875,26437876,26430252,26314024,26653756,26223905,26600287,26378863,26023995,26473882,26359949,26085427,26230793,26072540,26161746,25676918
446,31,1,1023,26889236,26778882,26291837,26463111,26204979,26404843,26396582,26279347,26619661,26190099,26566926,26343482,25991052,26439180,26323531,26047903,26192950,26037237,26124541,25643927
447,0,1,1023,26918638,26810599,26323588,26496666,26235871,26436797,26428570,26311939,26653710,26220882,26599823,26377440,26021640,26471897,26356160,26081661,26227399,26070243,26160648,25677573
448,31,1,1023,26887653,26777406,26290256,26459682,26203513,26402889,26394637,26280287,26620732,26185252,26564919,26342967,25989249,26438792,26322728,26044984,26192094,26035777,26122197,25641636
449,0,1,1023,26919968,26808261,26320784,26493479,26233824,26434751,26427615,26311697,26653115,26220188,26598243,26375060,26023344,26472333,26356693,26079752,26227003,26069023,26158581,25674605
450,31,1,1023,26887426,26775622,26289361,26461612,26201293,26401057,26390452,26277572,26618581,26183670,26566283,26341708,25988134,26438119,26325864,26044601,26190317,26032390,26122629,25640361
451,0,1,1023,26921191,26805918,26323653,26494037,26234368,26436673,26423029,26312752,26654058,26221250,26601323,26375719,26022139,26470337,26358143,26079214,26225242,26068801,26157000,25672228
452,31,1,1023,26887419,26773806,26292232,26463744,26203791,26403808,26393422,26279327,26619259,26185544,26567569,26341435,25990425,26435239,26323075,26043838,26191203,26035122,26124382,25640965
453,0,1,1023,26920151,26804846,26322434,26491505,26237976,26436755,26427794,26310663,26654090,26220097,26603970,26375726,26023445,26470976,26357670,26080099,26227597,26070808,26159931,25676673
454,31,1,1023,26883322,26771941,26290315,26458557,26202213,26403585,26395372,26275558,26619895,26183754,26568131,26339937,25987405,26435220,26323724,26043116,26190261,26035161,26117218,25640783
455,0,1,1023,26917949,26807487,26323633,26494135,26234745,26440699,26427600,26314790,26656221,26221469,26601317,26374826,26021061,26469946,26362234,26081285,26224836,26069264,26155169,25676093
456,31,1,1023,26886159,26775124,26291943,26460292,26201618,26405435,26392825,26281330,26620056,26185136,26567200,26341254,25985660,26436356,26324845,26043990,26187818,26033958,26121573,25639071
457,0,1,1023,26921658,26811691,26327877,26497045,26236986,26440805,26429237,26316137,26659461,26222175,26605890,26377993,26021430,26471846,26360012,26083722,26229803,26072764,26162556,25677637
458,31,1,1023,26883821,26777893,26292536,26460067,26201113,26405010,26393359,26278991,26621325,26184640,26565928,26338668,25986432,26435092,26322524,26043460,26191270,26033765,26122925,25640649
459,0,1,1023,26915579,26808986,26325780,26492491,26236166,26438561,26429830,26314463,26655206,26223325,26602104,26374121,26021263,26469544,26359139,26080020,26226676,26068952,26158308,25672877
460,31,1,1023,26885047,26776987,26292870,26460369,26203992,26404452,26396735,26280979,26622000,26185717,26565321,26339363,25986238,26436364,26324083,26044285,26189737,26033647,26123348,25637658
461,0,1,1023,26917699,26810853,26324759,26493576,26234648,26438204,26431554,26314369,26653646,26221240,26600383,26373936,26021356,26466724,26359749,26082248,26227379,26069097,26157539,25672314
462,31,1,1023,26884651,26779640,26291042,26460326,26202680,26402074,26398433,26277702,26619294,26187118,26563594,26339352,25989658,26434033,26326402,26047773,26186884,26034548,26123013,25641715
463,0,1,1023,26919761,26814172,26323924,26494088,26236768,26435693,26431306,26311055,26654398,26222286,26602549,26376097,26025967,26471273,26360332,26083319,26225365,26068599,26158463,25675651
464,31,1,1023,26888020,26780301,26290578,26459946,26200370,26399911,26396307,26275070,26619801,26186016,26565570,26339376,25989898,26434508,26324668,26046027,26190798,26030513,26121918,25640453
465,0,1,1023,26922174,26812767,26323803,26494345,26234038,26435241,26431591,26311934,26654173,26223884,26601592,26376283,26021078,26468765,26361233,26081451,26228964,26067478,26159156,25675508
466,31,1,1023,26886136,26775523,26289280,26458510,26201210,26404375,26394980,26276895,26619370,26184379,26566149,26342656,25987490,26435646,26328244,26042914,26191156,26035200,26124639,25641880
467,0,1,1023,26920821,26811998,26324414,26494329,26233258,26438956,26426066,26311167,26655881,26220351,26605098,26378035,26020662,26471842,26362970,26080926,26231259,26071832,26160901,25677491
468,31,1,1023,26886689,26777454,26290020,26460594,26198837,26403300,26394540,26278635,26621702,26186771,26569698,26342603,25985814,26436772,26328063,26047028,26190398,26033794,26124314,25642119
469,0,1,1023,26920204,26811932,26324159,26493373,26235106,26437813,26430426,26310246,26656604,26221685,26604539,26377272,26021287,26469943,26362702,26080826,26224303,26071099,26160639,25677500
470,31,1,1023,26886845,26778388,26289876,26458085,26199739,26401884,26396718,26279147,26619762,26188968,26567587,26341446,25986050,26433719,26326131,26044119,26188780,26035202,26124083,25639651
471,0,1,1023,26922142,26811533,26322202,26492278,26233568,26433483,26431403,26314362,26654051,26222362,26602860,26376765,26021955,26468212,26360910,26080752,26225448,26072119,26157863,25677636
472,31,1,1023,26886973,26778700,26288255,26459085,26197685,26400425,26394616,26277595,26615178,26186699,26565666,26342161,25987339,26434356,26325604,26042309,26187955,26033156,26120903,25640944
473,0,1,1023,26920896,26815824,26320670,26490129,26233654,26432021,26427766,26311502,26649569,26219773,26597647,26374307,26018137,26469537,26356934,26078077,26224313,26068730,26156234,25675130
474,31,1,1023,26887727,26783364,26288305,26458711,26199812,26401397,26395925,26278873,26617439,26187990,26567081,26341626,25988936,26438328,26324870,26045080,26190167,26035132,26120618,25639723
475,0,1,1023,26919573,26814470,26322523,26493563,26233195,26432692,26429555,26311993,26653820,26223516,26604494,26373233,26021589,26470116,26358097,26080035,26225960,26072368,26156664,25675013
476,31,1,1023,26885253,26778822,26288298,26461236,26200311,26396692,26394832,26278668,26617187,26184945,26567613,26339119,25987247,26437759,26324976,26043990,26189990,26034855,26121340,25641343
477,0,1,1023,26919140,26812465,26321423,26494896,26234531,26432099,26426748,26311252,26651181,26223359,26603092,26373922,26021777,26475415,26359721,26078511,26226520,26069388,26159517,25676287
478,31,1,1023,26885980,26778647,26288449,26459246,26200221,26400506,26394838,26277144,26616460,26185810,26566946,26339424,25984796,26438155,26325764,26042225,26191070,26036039,26122075,25642074
479,0,1,1023,26916863,26808626,26323116,26489969,26230825,26432655,26424527,26310716,26651882,26220248,26602342,26375412,26017605,26473261,26359822,26079128,26224721,26069969,26155254,25675101
480,31,1,1023,26884278,26776287,26290516,26455497,26199632,26400041,26392328,26278436,26619832,26188085,26566629,26343291,25983450,26438167,26325556,26041289,26189281,26035526,26120136,25640250
481,0,1,1023,26916313,26812964,26322330,26490637,26235168,26435401,26427508,26313668,26655464,26223158,26603067,26379133,26019095,26475617,26361969,26078640,26228399,26071747,26158492,25676024
482,31,1,1023,26886259,26779659,26289531,26456840,26201224,26399685,26395401,26278900,26621303,26185441,26564385,26343104,25985845,26437547,26325439,26043045,26191860,26035583,26120590,25641497
483,0,1,1023,26921267,26813727,26322236,26491831,26235077,26433596,26429032,26311020,26654970,26221872,26600574,26378211,26018513,26472271,26360561,26081618,26228653,26071606,26158886,25675444
484,31,1,1023,26890097,26780521,26289886,26457919,26203764,26400860,26396791,26280490,26621038,26187406,26566461,26342911,25986751,26441295,26328370,26045954,26193607,26037081,26124546,25640280
485,0,1,1023,26922607,26813012,26323817,26491119,26235940,26435116,26429407,26313895,26656311,26224733,26603260,26379716,26020031,26473948,26363632,26082177,26230326,26072008,26159974,25679485
486,31,1,1023,26887631,26778201,26288503,26460827,26203004,26400189,26393540,26278745,26620148,26189844,26566106,26343668,25984939,26435730,26327165,26044578,26191696,26035146,26123873,25641200
487,0,1,1023,26918311,26811527,26319586,26491462,26234762,26431185,26423722,26309848,26653596,26221278,26597826,26374720,26018736,26470029,26360183,26083511,26226052,26069692,26156411,25674472
488,31,1,1023,26883368,26779649,26289408,26458217,26203038,26399615,26392937,26277714,26620361,26186780,26565656,26343390,25984293,26437317,26327297,26047998,26194251,26034847,26123959,25641332
489,0,1,1023,26916339,26811961,26322661,26491683,26237007,26433103,26426017,26312800,26655097,26220691,26599695,26375280,26015256,26470439,26361306,26083222,26227915,26070139,26158700,25674743
490,31,1,1023,26882729,26780529,26290198,26459272,26202449,26400059,26393238,26279672,26620072,26184186,26565530,26344015,25983465,26439192,26326636,26049000,26190491,26036430,26125372,25641570
491,0,1,1023,26917289,26814479,26324975,26497579,26235265,26433343,26433005,26313345,26656994,26221941,26604144,26380303,26019185,26474338,26365563,26085097,26229332,26074200,26161113,25679328
492,31,1,1023,26885668,26780248,26290800,26466220,26202971,26399164,26400791,26279301,26619215,26188272,26569007,26344951,25982244,26439147,26329636,26046577,26191730,26036969,26124627,25644117
493,0,1,1023,26919313,26810733,26323280,26498382,26233443,26431075,26434225,26312650,26654393,26224798,26601487,26377552,26017645,26471034,26362457,26080424,26225319,26071643,26159328,25675550
494,31,1,1023,26887366,26779207,26288593,26463804,26200386,26397089,26398222,26279071,26617616,26185754,26563514,26339799,25982015,26434988,26327772,26047024,26190196,26035480,26124771,25644136
495,0,1,1023,26918313,26810293,26320580,26495286,26232132,26428790,26432663,26312900,26650867,26219256,26598684,26374676,26014877,26469400,26358823,26080225,26224506,26069805,26160077,25679588
496,31,1,1023,26884674,26775992,26288238,26457499,26198347,26397280,26398315,26278430,26616826,26186139,26561304,26339834,25981361,26431038,26323536,26041690,26187653,26033737,26123812,25643664
497,0,1,1023,26922486,26811281,26323274,26493777,26233782,26433942,26430131,26314392,26653046,26224917,26600067,26376186,26016819,26469639,26361036,26079057,26225327,26073203,26160123,25680220
498,31,1,1023,26887672,26779990,26288829,26461524,26198759,26396143,26397045,26279673,26619294,26188439,26564213,26340217,25980153,26437528,26323949,26044668,26187720,26035324,26123895,25644290
499,0,1,1023,26917843,26814407,26321856,26494606,26237043,26430808,26432864,26313459,26653505,26225129,26599624,26376396,26014856,26469796,26357930,26081569,26223610,26071374,26159947,25677840
