rep,heat_enabled,transmitter_bit,transmitter_mask,ctrl_0_ro_0,ctrl_0_ro_1,ctrl_0_ro_2,ctrl_0_ro_3,ctrl_0_ro_4,ctrl_1_ro_0,ctrl_1_ro_1,ctrl_1_ro_2,ctrl_1_ro_3,ctrl_1_ro_4,ctrl_2_ro_0,ctrl_2_ro_1,ctrl_2_ro_2,ctrl_2_ro_3,ctrl_2_ro_4,ctrl_3_ro_0,ctrl_3_ro_1,ctrl_3_ro_2,ctrl_3_ro_3,ctrl_3_ro_4
0,31,1,65535,74932,74567,73770,73776,74338,67983,66794,67339,66924,66767,75218,74480,73948,74451,74079,64512,63752,63947,64348,63813
1,0,1,65535,78513,78125,77266,77263,77879,70866,69658,70238,69805,69637,78867,78078,77570,78052,77651,67328,66568,66783,67194,66654
2,31,1,65535,74953,74562,73791,73785,74347,67985,66819,67336,66941,66783,75231,74475,73944,74467,74087,64501,63746,63951,64357,63823
3,0,1,65535,78539,78136,77289,77273,77894,70874,69674,70240,69826,69660,78878,78097,77589,78072,77662,67341,66562,66795,67209,66674
4,31,1,65535,74958,74576,73796,73802,74356,68009,66836,67345,66967,66803,75249,74508,73971,74477,74097,64529,63754,63968,64378,63843
5,0,1,65535,78522,78118,77267,77262,77884,70858,69676,70229,69807,69644,78850,78079,77565,78047,77642,67324,66554,66782,67191,66655
6,31,1,65535,74973,74596,73813,73807,74386,68008,66866,67351,66974,66822,75256,74497,73974,74489,74108,64529,63769,63977,64388,63848
7,0,1,65535,78558,78142,77285,77279,77906,70874,69701,70248,69820,69661,78864,78083,77582,78073,77658,67350,66585,66798,67220,66673
8,31,1,65535,74972,74592,73800,73794,74369,67999,66843,67341,66947,66806,75231,74494,73947,74480,74091,64521,63761,63960,64386,63842
9,0,1,65535,78532,78129,77268,77265,77901,70849,69688,70230,69799,69648,78846,78073,77560,78065,77642,67329,66574,66771,67207,66662
10,31,1,65535,74972,74584,73789,73797,74371,67990,66850,67340,66948,66807,75234,74492,73956,74484,74092,64515,63770,63959,64380,63844
11,0,1,65535,78551,78149,77276,77263,77906,70862,69692,70237,69808,69667,78860,78088,77579,78069,77654,67347,66585,66796,67222,66670
12,31,1,65535,74987,74606,73805,73799,74384,67999,66860,67345,66962,66823,75237,74508,73966,74483,74104,64531,63772,63979,64406,63850
13,0,1,65535,78523,78134,77257,77260,77893,70849,69677,70220,69786,69661,78834,78081,77552,78054,77644,67334,66560,66779,67201,66659
14,31,1,65535,74986,74598,73808,73807,74391,68004,66865,67349,66963,66822,75240,74514,73965,74489,74109,64537,63769,63973,64389,63849
15,0,1,65535,78551,78137,77277,77261,77912,70871,69699,70235,69813,69665,78841,78110,77574,78059,77657,67352,66573,66789,67217,66665
16,31,1,65535,74980,74603,73803,73794,74385,68002,66850,67344,66962,66824,75229,74521,73963,74483,74111,64535,63763,63967,64389,63847
17,0,1,65535,78562,78151,77284,77281,77923,70868,69694,70248,69824,69668,78859,78122,77592,78084,77687,67358,66577,66812,67218,66684
18,31,1,65535,74983,74598,73804,73798,74386,68000,66849,67347,66962,66821,75231,74526,73964,74492,74111,64528,63764,63970,64378,63850
19,0,1,65535,78527,78131,77276,77247,77894,70867,69685,70241,69802,69658,78837,78100,77560,78061,77655,67332,66572,66784,67204,66665
20,31,1,65535,74996,74609,73820,73811,74405,68022,66864,67370,66972,66834,75245,74535,73972,74503,74133,64530,63772,63984,64394,63858
21,0,1,65535,78540,78145,77282,77264,77913,70872,69684,70235,69813,69663,78853,78095,77575,78058,77668,67338,66565,66789,67205,66667
22,31,1,65535,74974,74599,73795,73790,74392,68012,66849,67355,66970,66826,75241,74519,73957,74481,74117,64533,63765,63979,64386,63850
23,0,1,65535,78517,78118,77261,77246,77894,70865,69683,70229,69813,69659,78837,78093,77564,78047,77655,67339,66561,66785,67199,66671
24,31,1,65535,74979,74583,73792,73785,74379,68010,66840,67354,66967,66813,75221,74517,73960,74485,74113,64529,63749,63962,64382,63853
25,0,1,65535,78541,78138,77272,77267,77904,70880,69691,70255,69822,69672,78861,78108,77578,78074,77667,67351,66562,66795,67218,66684
26,31,1,65535,74982,74586,73786,73800,74388,68015,66859,67360,66973,66821,75243,74518,73960,74486,74113,64531,63754,63974,64399,63861
27,0,1,65535,78538,78137,77269,77265,77913,70879,69698,70252,69817,69673,78848,78106,77575,78083,77667,67345,66573,66788,67219,66676
28,31,1,65535,74978,74594,73803,73786,74398,68006,66859,67349,66968,66824,75232,74515,73963,74500,74110,64529,63759,63967,64393,63859
29,0,1,65535,78532,78140,77261,77241,77901,70856,69681,70230,69802,69654,78830,78097,77576,78070,77660,67328,66557,66778,67216,66674
30,31,1,65535,74990,74613,73803,73787,74399,68006,66856,67350,66975,66821,75216,74517,73964,74494,74118,64522,63762,63972,64383,63856
31,0,1,65535,78569,78174,77290,77263,77929,70862,69699,70248,69832,69675,78863,78126,77585,78100,77689,67345,66571,66796,67218,66684
32,31,1,65535,74978,74595,73790,73772,74382,67989,66838,67341,66959,66807,75212,74513,73951,74491,74100,64517,63754,63957,64381,63848
33,0,1,65535,78541,78147,77270,77244,77898,70859,69677,70234,69804,69660,78820,78102,77560,78062,77658,67340,66566,66783,67214,66671
34,31,1,65535,74990,74595,73802,73794,74396,68000,66845,67353,66980,66830,75212,74528,73966,74496,74119,64532,63761,63971,64398,63850
35,0,1,65535,78580,78163,77294,77275,77926,70875,69699,70262,69835,69690,78840,78123,77586,78090,77677,67345,66588,66804,67226,66680
36,31,1,65535,74981,74584,73801,73783,74378,67996,66838,67350,66964,66821,75213,74509,73952,74484,74101,64518,63746,63954,64384,63840
37,0,1,65535,78551,78140,77288,77254,77901,70868,69687,70243,69838,69674,78834,78116,77562,78073,77657,67342,66561,66789,67211,66671
38,31,1,65535,74999,74620,73833,73816,74403,68012,66869,67373,66998,66852,75244,74542,73980,74518,74117,64538,63781,63986,64401,63874
39,0,1,65535,78539,78142,77287,77266,77903,70875,69699,70246,69833,69681,78837,78111,77583,78086,77656,67333,66571,66796,67212,66676
40,31,1,65535,74965,74594,73792,73785,74373,67982,66841,67341,66979,66829,75212,74518,73954,74491,74098,64514,63743,63962,64372,63855
41,0,1,65535,78551,78161,77298,77271,77912,70860,69703,70243,69843,69676,78853,78127,77595,78085,77671,67338,66567,66795,67211,66689
42,31,1,65535,74982,74584,73804,73795,74379,67994,66857,67344,66980,66831,75224,74528,73964,74499,74099,64517,63750,63971,64370,63865
43,0,1,65535,78554,78139,77277,77268,77899,70860,69693,70237,69824,69673,78834,78121,77580,78087,77647,67329,66555,66798,67194,66682
44,31,1,65535,74980,74592,73798,73793,74368,67993,66848,67345,66975,66814,75218,74525,73970,74498,74092,64511,63755,63973,64372,63854
45,0,1,65535,78549,78155,77278,77262,77896,70861,69688,70233,69837,69669,78839,78114,77579,78091,77655,67332,66570,66806,67208,66684
46,31,1,65535,74973,74599,73788,73788,74372,67996,66838,67333,66975,66812,75216,74509,73959,74495,74087,64505,63748,63967,64377,63848
47,0,1,65535,78533,78152,77257,77251,77897,70860,69683,70236,69822,69662,78832,78104,77578,78076,77643,67323,66554,66795,67200,66671
48,31,1,65535,74981,74607,73796,73797,74378,68003,66851,67352,66976,66816,75229,74512,73964,74503,74092,64510,63759,63979,64382,63846
49,0,1,65535,78558,78161,77269,77260,77898,70862,69676,70243,69820,69666,78844,78108,77573,78097,77644,67327,66552,66804,67205,66669
50,31,1,65535,74985,74607,73788,73792,74366,67996,66842,67345,66969,66820,75224,74514,73964,74509,74084,64505,63745,63981,64373,63846
51,0,1,65535,78524,78125,77252,77231,77874,70840,69670,70217,69803,69644,78809,78072,77557,78065,77627,67306,66542,66781,67173,66653
52,31,1,65535,74991,74611,73809,73798,74383,68002,66862,67344,66975,66826,75225,74517,73971,74507,74103,64512,63768,63989,64375,63861
53,0,1,65535,78563,78137,77276,77263,77890,70852,69692,70230,69812,69665,78830,78091,77572,78088,77649,67323,66566,66797,67190,66673
54,31,1,65535,74993,74605,73806,73801,74390,68006,66852,67348,66962,66826,75236,74508,73956,74507,74105,64511,63751,63980,64385,63853
55,0,1,65535,78558,78164,77293,77281,77911,70877,69697,70231,69823,69679,78848,78108,77588,78098,77664,67334,66571,66807,67210,66682
56,31,1,65535,74978,74589,73794,73785,74353,67986,66846,67335,66955,66812,75208,74494,73952,74490,74082,64492,63751,63962,64370,63844
57,0,1,65535,78556,78143,77259,77259,77894,70857,69692,70241,69816,69673,78835,78087,77574,78085,77649,67325,66559,66797,67189,66678
58,31,1,65535,74982,74593,73796,73786,74369,67995,66853,67343,66972,66824,75213,74499,73961,74500,74091,64506,63747,63971,64365,63845
59,0,1,65535,78542,78152,77276,77258,77907,70859,69696,70247,69823,69659,78838,78092,77587,78088,77656,67321,66561,66797,67199,66672
60,31,1,65535,74985,74604,73805,73790,74385,67993,66853,67352,66974,66812,75236,74515,73977,74506,74107,64513,63758,63975,64375,63851
61,0,1,65535,78532,78130,77253,77236,77895,70837,69675,70224,69806,69640,78833,78075,77570,78070,77643,67313,66556,66782,67190,66653
62,31,1,65535,74985,74602,73807,73791,74386,67989,66856,67344,66976,66816,75241,74515,73981,74508,74106,64509,63764,63978,64383,63850
63,0,1,65535,78534,78143,77271,77258,77907,70857,69690,70225,69813,69656,78842,78094,77587,78078,77658,67329,66565,66787,67207,66665
64,31,1,65535,74964,74587,73803,73803,74377,67996,66840,67329,66972,66810,75229,74506,73980,74499,74104,64508,63764,63965,64384,63850
65,0,1,65535,78538,78155,77292,77286,77919,70883,69689,70240,69823,69673,78854,78111,77610,78101,77679,67341,66589,66815,67226,66688
66,31,1,65535,74964,74595,73800,73793,74382,67997,66840,67339,66973,66815,75222,74501,73972,74494,74099,64508,63765,63984,64371,63845
67,0,1,65535,78537,78148,77281,77267,77913,70861,69683,70228,69826,69668,78835,78096,77585,78080,77661,67330,66579,66803,67192,66673
68,31,1,65535,74973,74600,73793,73795,74381,68004,66841,67339,66964,66821,75222,74504,73968,74503,74094,64508,63762,63967,64365,63851
69,0,1,65535,78522,78141,77261,77267,77902,70850,69683,70225,69809,69663,78820,78087,77583,78079,77650,67323,66568,66786,67187,66666
70,31,1,65535,74973,74612,73789,73805,74390,67993,66852,67343,66969,66823,75210,74510,73976,74511,74107,64515,63763,63971,64380,63866
71,0,1,65535,78533,78146,77254,77253,77895,70848,69679,70222,69799,69656,78814,78097,77570,78079,77648,67322,66557,66790,67195,66676
72,31,1,65535,74986,74614,73781,73792,74368,67986,66852,67347,66972,66824,75227,74513,73960,74505,74107,64512,63761,63969,64377,63862
73,0,1,65535,78546,78165,77268,77261,77903,70852,69696,70245,69826,69680,78838,78106,77583,78093,77674,67334,66572,66801,67197,66683
74,31,1,65535,74977,74609,73795,73791,74366,68001,66851,67337,66972,66830,75214,74515,73965,74500,74112,64526,63765,63974,64373,63865
75,0,1,65535,78537,78150,77264,77251,77897,70853,69682,70229,69807,69678,78830,78105,77567,78078,77658,67330,66578,66791,67196,66692
76,31,1,65535,74992,74603,73804,73796,74383,67997,66850,67345,66967,66819,75231,74524,73969,74499,74111,64528,63768,63977,64393,63873
77,0,1,65535,78556,78157,77283,77267,77915,70874,69697,70235,69821,69669,78845,78115,77597,78087,77674,67333,66580,66796,67213,66699
78,31,1,65535,74994,74622,73811,73804,74394,68007,66854,67350,66970,66829,75226,74519,73982,74502,74122,64523,63781,63977,64390,63869
79,0,1,65535,78531,78148,77275,77251,77904,70859,69684,70231,69801,69653,78819,78086,77582,78072,77653,67325,66570,66784,67195,66677
80,31,1,65535,74994,74631,73811,73813,74406,68009,66861,67354,66966,66836,75236,74521,73989,74511,74127,64522,63778,63977,64387,63876
81,0,1,65535,78533,78147,77259,77253,77900,70841,69675,70226,69784,69659,78821,78083,77568,78059,77644,67321,66561,66787,67198,66674
82,31,1,65535,74981,74615,73803,73796,74390,67995,66850,67337,66952,66821,75220,74505,73971,74492,74107,64522,63773,63971,64382,63868
83,0,1,65535,78555,78165,77288,77265,77910,70867,69693,70236,69812,69674,78841,78106,77584,78081,77664,67340,66580,66799,67210,66678
84,31,1,65535,74979,74618,73795,73787,74385,67997,66850,67333,66959,66815,75232,74505,73961,74487,74100,64523,63766,63969,64379,63858
85,0,1,65535,78550,78177,77284,77259,77923,70870,69710,70237,69809,69676,78843,78106,77585,78087,77666,67349,66578,66806,67214,66693
86,31,1,65535,74983,74632,73799,73795,74398,68005,66868,67346,66965,66831,75229,74519,73970,74504,74112,64530,63775,63981,64392,63867
87,0,1,65535,78563,78177,77278,77257,77925,70869,69700,70231,69803,69680,78848,78109,77582,78094,77666,67336,66590,66801,67222,66687
88,31,1,65535,74985,74619,73800,73780,74377,67989,66855,67341,66953,66828,75223,74507,73969,74499,74112,64514,63772,63970,64386,63860
89,0,1,65535,78573,78192,77292,77263,77929,70872,69708,70251,69824,69697,78855,78108,77602,78104,77676,67353,66589,66807,67215,66701
90,31,1,65535,74992,74637,73796,73787,74388,67989,66852,67343,66961,66840,75233,74502,73978,74509,74104,64531,63771,63968,64382,63871
91,0,1,65535,78551,78176,77278,77247,77919,70855,69691,70237,69811,69684,78831,78104,77584,78096,77669,67344,66582,66793,67212,66693
92,31,1,65535,74990,74630,73798,73774,74397,67999,66852,67340,66963,66837,75211,74511,73969,74510,74121,64524,63767,63975,64381,63866
93,0,1,65535,78580,78191,77277,77268,77941,70878,69706,70241,69834,69695,78857,78127,77588,78111,77690,67361,66589,66820,67223,66699
94,31,1,65535,74972,74612,73781,73763,74384,67981,66827,67325,66951,66823,75194,74493,73939,74485,74078,64505,63749,63962,64353,63848
95,0,1,65535,78552,78173,77266,77247,77909,70852,69682,70213,69810,69659,78815,78097,77566,78078,77654,67331,66549,66800,67192,66672
96,31,1,65535,74999,74622,73798,73791,74397,67993,66850,67330,66968,66828,75210,74515,73966,74505,74110,64524,63753,63980,64379,63862
97,0,1,65535,78554,78153,77259,77246,77912,70846,69681,70213,69803,69661,78811,78086,77557,78079,77647,67328,66561,66793,67187,66670
98,31,1,65535,74997,74621,73803,73789,74408,67998,66852,67332,66961,66829,75219,74522,73962,74511,74107,64525,63767,63982,64375,63854
99,0,1,65535,78535,78141,77271,77246,77908,70845,69681,70206,69796,69660,78814,78073,77550,78074,77638,67315,66552,66790,67179,66673
100,31,1,65535,74995,74627,73813,73791,74413,68006,66862,67349,66976,66843,75232,74512,73963,74513,74110,64525,63770,63989,64384,63875
101,0,1,65535,78567,78164,77287,77262,77928,70865,69693,70236,69816,69687,78842,78094,77590,78089,77666,67336,66572,66814,67208,66692
102,31,1,65535,74998,74626,73809,73794,74390,68007,66852,67342,66969,66847,75230,74510,73971,74506,74104,64528,63764,63982,64376,63864
103,0,1,65535,78564,78165,77297,77252,77915,70865,69691,70242,69831,69687,78841,78109,77580,78087,77671,67347,66565,66813,67211,66681
104,31,1,65535,74989,74622,73822,73788,74394,68001,66858,67360,66977,66837,75225,74508,73968,74509,74114,64529,63757,63985,64382,63859
105,0,1,65535,78545,78169,77288,77248,77918,70855,69692,70231,69815,69671,78822,78096,77579,78079,77671,67338,66555,66807,67194,66680
106,31,1,65535,74982,74617,73807,73776,74401,67989,66854,67336,66968,66826,75213,74510,73967,74503,74110,64518,63757,63982,64372,63855
107,0,1,65535,78555,78176,77288,77250,77927,70861,69693,70235,69828,69684,78839,78111,77583,78101,77665,67343,66574,66813,67205,66683
108,31,1,65535,74980,74622,73813,73787,74391,67991,66850,67340,66978,66821,75213,74516,73964,74502,74100,64525,63765,63981,64374,63854
109,0,1,65535,78523,78160,77260,77238,77901,70833,69665,70204,69810,69655,78808,78087,77558,78067,77637,67325,66543,66784,67186,66664
110,31,1,65535,74996,74622,73794,73793,74393,67987,66850,67338,66970,66822,75220,74523,73973,74505,74103,64517,63750,63970,64376,63864
111,0,1,65535,78548,78169,77257,77261,77909,70851,69684,70226,69816,69663,78824,78097,77569,78075,77657,67335,66553,66793,67197,66683
112,31,1,65535,74970,74608,73777,73788,74388,67987,66839,67326,66963,66804,75204,74501,73945,74488,74093,64515,63745,63974,64363,63851
113,0,1,65535,78532,78167,77259,77258,77909,70855,69684,70217,69813,69668,78822,78092,77565,78076,77657,67340,66553,66803,67190,66676
114,31,1,65535,74978,74616,73786,73783,74382,67988,66836,67324,66965,66813,75214,74497,73942,74497,74103,64520,63756,63981,64376,63854
115,0,1,65535,78551,78166,77263,77247,77914,70848,69679,70220,69822,69661,78830,78104,77564,78083,77655,67338,66559,66807,67191,66686
116,31,1,65535,74992,74620,73782,73768,74385,67993,66845,67331,66960,66820,75219,74514,73952,74503,74102,64519,63758,63980,64370,63871
117,0,1,65535,78555,78178,77262,77238,77916,70845,69691,70221,69815,69675,78829,78106,77578,78086,77653,67331,66546,66802,67199,66689
118,31,1,65535,74982,74630,73779,73775,74391,67989,66847,67326,66967,66825,75211,74508,73959,74496,74100,64511,63742,63977,64373,63862
119,0,1,65535,78532,78157,77239,77237,77904,70845,69680,70209,69803,69657,78810,78083,77547,78068,77643,67322,66544,66783,67184,66675
120,31,1,65535,74996,74629,73783,73793,74397,67997,66855,67339,66976,66823,75216,74517,73965,74509,74106,64519,63754,63979,64376,63869
121,0,1,65535,78557,78166,77268,77256,77915,70849,69690,70229,69824,69666,78828,78105,77575,78092,77660,67337,66560,66799,67202,66690
122,31,1,65535,74983,74610,73784,73783,74390,67979,66848,67330,66963,66818,75203,74514,73956,74512,74090,64514,63746,63980,64380,63863
123,0,1,65535,78518,78137,77245,77224,77889,70829,69666,70203,69795,69645,78788,78077,77551,78069,77624,67309,66523,66775,67180,66656
124,31,1,65535,74978,74624,73803,73786,74394,67989,66850,67337,66972,66822,75217,74515,73965,74513,74104,64514,63746,63977,64385,63861
125,0,1,65535,78542,78170,77270,77245,77916,70842,69678,70225,69822,69673,78818,78100,77574,78096,77647,67327,66555,66792,67208,66682
126,31,1,65535,74960,74617,73785,73776,74385,67974,66828,67328,66949,66824,75198,74506,73952,74500,74088,64516,63744,63960,64374,63857
127,0,1,65535,78538,78165,77260,77239,77912,70841,69675,70219,69801,69667,78813,78096,77572,78078,77648,67329,66548,66781,67199,66673
128,31,1,65535,74977,74611,73785,73780,74395,67984,66838,67336,66953,66822,75213,74510,73957,74500,74102,64520,63751,63971,64374,63858
129,0,1,65535,78531,78155,77243,77237,77906,70828,69670,70211,69795,69658,78828,78082,77562,78077,77643,67323,66548,66781,67177,66670
130,31,1,65535,74977,74620,73777,73779,74381,67973,66834,67337,66954,66817,75214,74504,73952,74497,74094,64507,63750,63959,64364,63852
131,0,1,65535,78564,78181,77274,77262,77927,70856,69687,70236,69807,69683,78840,78112,77580,78088,77666,67339,66574,66798,67209,66689
132,31,1,65535,74980,74608,73785,73780,74383,67981,66835,67334,66950,66814,75206,74502,73946,74485,74092,64519,63752,63973,64379,63851
133,0,1,65535,78552,78168,77276,77265,77924,70856,69684,70229,69816,69675,78835,78099,77579,78080,77659,67351,66565,66801,67206,66689
134,31,1,65535,74986,74628,73795,73804,74398,68002,66848,67346,66969,66831,75228,74519,73963,74499,74106,64540,63756,63976,64385,63869
135,0,1,65535,78538,78159,77257,77253,77916,70852,69670,70231,69802,69670,78823,78093,77567,78065,77652,67342,66559,66787,67202,66690
136,31,1,65535,74984,74619,73779,73790,74392,67993,66836,67341,66956,66826,75206,74504,73958,74486,74102,64522,63757,63975,64387,63860
137,0,1,65535,78530,78153,77235,77246,77893,70850,69667,70219,69799,69660,78820,78084,77559,78069,77656,67322,66546,66770,67201,66667
138,31,1,65535,74980,74611,73770,73785,74384,67992,66830,67338,66956,66823,75219,74503,73942,74498,74107,64518,63748,63961,64373,63853
139,0,1,65535,78549,78162,77251,77265,77917,70866,69682,70238,69818,69675,78845,78099,77562,78094,77665,67334,66567,66791,67212,66688
140,31,1,65535,74986,74605,73778,73788,74389,67997,66839,67342,66952,66813,75209,74503,73945,74503,74104,64519,63753,63969,64382,63870
141,0,1,65535,78537,78141,77259,77251,77904,70854,69681,70228,69811,69655,78817,78086,77555,78075,77657,67331,66557,66791,67205,66687
142,31,1,65535,74990,74617,73799,73801,74394,68014,66851,67354,66971,66823,75224,74526,73963,74509,74117,64534,63759,63980,64392,63869
143,0,1,65535,78530,78146,77253,77255,77901,70855,69677,70230,69804,69651,78827,78091,77554,78076,77647,67321,66555,66783,67190,66678
144,31,1,65535,74988,74601,73796,73786,74393,67997,66845,67348,66955,66825,75224,74513,73952,74509,74103,64515,63755,63971,64383,63862
145,0,1,65535,78552,78159,77276,77256,77917,70866,69683,70243,69811,69666,78834,78101,77568,78090,77678,67334,66554,66801,67210,66686
146,31,1,65535,74990,74609,73793,73793,74391,68004,66848,67345,66970,66831,75221,74514,73964,74504,74121,64523,63756,63986,64392,63861
147,0,1,65535,78553,78170,77274,77257,77917,70863,69687,70233,69822,69676,78815,78095,77583,78086,77669,67331,66556,66807,67215,66684
148,31,1,65535,74987,74620,73788,73783,74372,67993,66836,67335,66966,66815,75197,74505,73962,74491,74104,64513,63751,63978,64378,63850
149,0,1,65535,78560,78168,77269,77251,77905,70858,69685,70231,69818,69673,78827,78103,77578,78085,77661,67341,66568,66809,67211,66676
150,31,1,65535,74984,74610,73787,73783,74376,67990,66839,67340,66960,66824,75209,74512,73959,74504,74096,64521,63750,63980,64376,63857
151,0,1,65535,78520,78137,77246,77230,77886,70847,69663,70211,69791,69650,78807,78085,77545,78072,77633,67321,66541,66782,67204,66677
152,31,1,65535,74961,74601,73782,73773,74365,67990,66830,67335,66953,66814,75194,74500,73948,74494,74089,64510,63750,63960,64383,63851
153,0,1,65535,78541,78157,77273,77239,77901,70857,69672,70232,69806,69658,78808,78112,77570,78089,77652,67325,66558,66793,67210,66673
154,31,1,65535,74976,74599,73795,73771,74378,67993,66826,67343,66955,66821,75186,74515,73961,74498,74086,64512,63744,63972,64388,63860
155,0,1,65535,78517,78126,77266,77231,77884,70847,69650,70220,69798,69660,78803,78085,77553,78070,77632,67312,66542,66786,67192,66669
156,31,1,65535,74999,74628,73834,73807,74399,68025,66851,67366,66990,66839,75219,74540,73979,74521,74120,64536,63782,64003,64409,63889
157,0,1,65535,78540,78165,77286,77244,77907,70870,69676,70236,69824,69671,78810,78096,77569,78085,77652,67331,66577,66807,67194,66688
158,31,1,65535,74986,74631,73817,73790,74389,68013,66849,67354,66972,66823,75198,74514,73963,74510,74110,64522,63782,63993,64375,63872
159,0,1,65535,78571,78197,77305,77279,77934,70894,69710,70256,69833,69685,78846,78129,77612,78112,77690,67356,66607,66830,67231,66711
160,31,1,65535,74962,74605,73782,73767,74374,68002,66841,67336,66962,66810,75196,74499,73955,74493,74089,64511,63766,63984,64373,63862
161,0,1,65535,78537,78164,77261,77238,77906,70862,69676,70241,69815,69666,78810,78105,77574,78086,77641,67332,66583,66803,67200,66690
162,31,1,65535,74977,74614,73785,73779,74379,68004,66839,67352,66966,66822,75205,74515,73956,74502,74096,64515,63776,63975,64380,63864
163,0,1,65535,78569,78192,77281,77277,77928,70883,69696,70256,69833,69687,78837,78126,77585,78109,77678,67348,66596,66817,67223,66711
164,31,1,65535,74966,74616,73796,73797,74357,68019,66821,67340,66950,66814,75222,74502,73954,74496,74108,64519,63769,63979,64370,63848
165,0,1,65535,78552,78176,77291,77278,77906,70904,69679,70243,69816,69673,78843,78105,77598,78100,77677,67348,66581,66811,67205,66691
166,31,1,65535,74950,74607,73780,73791,74371,68002,66804,67326,66941,66806,75227,74494,73960,74475,74094,64509,63725,63968,64360,63849
167,0,1,65535,78528,78154,77255,77279,77907,70867,69661,70216,69803,69647,78837,78087,77568,78073,77651,67319,66532,66789,67181,66667
168,31,1,65535,74973,74617,73793,73792,74367,67996,66823,67345,66940,66811,75222,74506,73952,74494,74108,64524,63746,63970,64369,63852
169,0,1,65535,78565,78176,77283,77284,77933,70874,69688,70246,69811,69671,78854,78124,77605,78100,77682,67350,66580,66808,67206,66695
170,31,1,65535,74960,74602,73804,73792,74371,67998,66815,67340,66944,66800,75227,74485,73973,74490,74095,64506,63744,63982,64370,63850
171,0,1,65535,78548,78161,77291,77267,77920,70876,69670,70237,69797,69657,78847,78092,77588,78095,77662,67334,66556,66816,67205,66675
172,31,1,65535,74957,74595,73787,73775,74345,67995,66800,67337,66927,66783,75232,74492,73946,74476,74105,64515,63724,63972,64366,63830
173,0,1,65535,78560,78166,77282,77272,77892,70870,69668,70243,69812,69657,78853,78108,77591,78094,77674,67348,66566,66813,67215,66686
174,31,1,65535,74945,74620,73794,73791,74348,67992,66810,67330,66929,66789,75231,74486,73961,74473,74101,64504,63754,63976,64359,63836
175,0,1,65535,78530,78173,77298,77270,77903,70858,69667,70223,69795,69642,78840,78081,77588,78070,77661,67321,66580,66802,67195,66653
176,31,1,65535,74956,74611,73799,73803,74385,68024,66823,67350,66939,66808,75237,74497,73960,74499,74115,64526,63767,63994,64376,63850
177,0,1,65535,78524,78149,77281,77265,77908,70876,69669,70231,69801,69649,78849,78089,77577,78076,77665,67337,66569,66805,67203,66671
178,31,1,65535,74945,74573,73798,73776,74360,67995,66801,67327,66934,66790,75242,74468,73941,74484,74095,64495,63762,63975,64363,63835
179,0,1,65535,78543,78155,77303,77280,77903,70877,69675,70247,69815,69680,78890,78095,77590,78102,77677,67335,66579,66827,67213,66672
180,31,1,65535,74970,74605,73815,73798,74371,68008,66833,67335,66925,66810,75244,74494,73968,74501,74129,64507,63773,63988,64377,63856
181,0,1,65535,78551,78159,77292,77276,77912,70877,69684,70228,69796,69668,78870,78095,77577,78101,77684,67333,66594,66811,67205,66684
182,31,1,65535,74949,74593,73792,73775,74364,67992,66814,67327,66929,66785,75223,74478,73946,74483,74094,64493,63753,63973,64365,63828
183,0,1,65535,78523,78149,77280,77256,77896,70851,69664,70223,69786,69653,78848,78084,77567,78069,77659,67324,66573,66811,67187,66653
184,31,1,65535,74961,74619,73818,73802,74369,67996,66828,67337,66938,66795,75241,74507,73963,74503,74115,64510,63785,63969,64372,63835
185,0,1,65535,78541,78175,77318,77273,77912,70851,69675,70239,69800,69656,78852,78102,77585,78093,77656,67331,66588,66796,67208,66666
186,31,1,65535,74957,74599,73793,73793,74364,67994,66811,67338,66932,66792,75227,74487,73951,74478,74116,64502,63766,63966,64373,63839
187,0,1,65535,78554,78177,77295,77280,77911,70866,69668,70244,69792,69660,78863,78097,77583,78092,77693,67340,66583,66800,67214,66672
188,31,1,65535,74927,74616,73793,73782,74363,67988,66802,67316,66930,66797,75231,74493,73960,74484,74094,64514,63759,63965,64379,63841
189,0,1,65535,78524,78174,77280,77254,77911,70862,69658,70224,69796,69669,78851,78094,77575,78085,77660,67327,66572,66784,67217,66666
190,31,1,65535,74961,74596,73786,73784,74353,67988,66821,67329,66931,66786,75222,74489,73953,74475,74087,64512,63751,63969,64362,63834
191,0,1,65535,78545,78164,77284,77256,77907,70873,69673,70225,69781,69651,78858,78092,77587,78076,77656,67337,66558,66796,67192,66664
192,31,1,65535,74943,74593,73787,73787,74356,67990,66813,67336,66939,66792,75222,74492,73949,74474,74115,64507,63754,63964,64375,63832
193,0,1,65535,78544,78164,77276,77280,77904,70871,69676,70242,69815,69663,78853,78104,77589,78088,77684,67347,66575,66805,67222,66671
194,31,1,65535,74951,74610,73778,73789,74362,67991,66808,67337,66930,66798,75222,74502,73957,74486,74104,64532,63764,63963,64373,63836
195,0,1,65535,78533,78173,77275,77284,77910,70861,69665,70242,69807,69666,78858,78110,77585,78080,77675,67352,66588,66796,67198,66669
196,31,1,65535,74963,74598,73801,73778,74356,67998,66829,67339,66925,66794,75239,74508,73950,74484,74103,64525,63769,63970,64392,63830
197,0,1,65535,78514,78144,77276,77232,77880,70848,69662,70207,69774,69636,78854,78098,77559,78063,77654,67329,66576,66783,67215,66645
198,31,1,65535,74957,74593,73784,73785,74370,68006,66806,67337,66919,66799,75221,74501,73959,74474,74094,64516,63765,63953,64375,63831
199,0,1,65535,78553,78171,77290,77279,77928,70881,69695,70255,69812,69671,78856,78132,77607,78092,77684,67353,66597,66810,67232,66676
200,31,1,65535,74950,74602,73789,73772,74361,67991,66818,67349,66933,66793,75227,74493,73956,74465,74090,64522,63753,63945,64372,63822
201,0,1,65535,78532,78151,77267,77230,77882,70844,69658,70242,69794,69642,78832,78073,77558,78049,77638,67324,66553,66772,67195,66644
202,31,1,65535,74935,74606,73779,73787,74364,67991,66806,67345,66933,66792,75232,74503,73954,74474,74130,64524,63762,63970,64375,63828
203,0,1,65535,78528,78155,77270,77255,77900,70865,69660,70236,69797,69649,78844,78094,77579,78067,77678,67343,66576,66795,67200,66653
204,31,1,65535,74931,74592,73789,73792,74373,67983,66821,67335,66928,66787,75233,74498,73956,74471,74105,64515,63754,63957,64384,63822
205,0,1,65535,78512,78154,77279,77260,77909,70852,69673,70229,69797,69650,78854,78094,77587,78069,77667,67335,66565,66791,67207,66652
206,31,1,65535,74959,74605,73791,73806,74360,67987,66820,67348,66943,66792,75225,74498,73970,74491,74107,64510,63769,63980,64378,63832
207,0,1,65535,78535,78153,77280,77268,77897,70852,69678,70234,69811,69651,78840,78095,77598,78082,77670,67332,66580,66813,67213,66667
208,31,1,65535,74956,74611,73795,73797,74375,67996,66834,67349,66953,66810,75231,74506,73957,74495,74125,64516,63786,63981,64392,63854
209,0,1,65535,78525,78165,77284,77268,77894,70863,69693,70242,69811,69665,78836,78105,77580,78086,77688,67335,66585,66801,67223,66671
210,31,1,65535,74942,74575,73792,73780,74347,67970,66804,67306,66943,66781,75198,74478,73959,74476,74098,64497,63760,63961,64383,63822
211,0,1,65535,78513,78130,77266,77242,77882,70846,69651,70189,69816,69628,78826,78069,77571,78079,77655,67321,66570,66787,67198,66639
212,31,1,65535,74956,74587,73792,73790,74360,67999,66829,67325,66948,66800,75229,74505,73956,74486,74110,64511,63756,63968,64378,63827
213,0,1,65535,78525,78138,77276,77258,77903,70854,69679,70210,69807,69650,78840,78101,77568,78070,77661,67328,66568,66795,67210,66652
214,31,1,65535,74940,74580,73774,73755,74351,67985,66808,67325,66926,66780,75214,74474,73932,74451,74081,64489,63739,63954,64347,63798
215,0,1,65535,78521,78128,77261,77241,77897,70852,69661,70225,69783,69660,78837,78085,77558,78052,77647,67315,66571,66783,67201,66633
216,31,1,65535,74959,74604,73784,73812,74374,67998,66809,67349,66944,66811,75250,74494,73981,74495,74107,64518,63773,63978,64392,63837
217,0,1,65535,78535,78153,77257,77267,77903,70846,69656,70225,69796,69669,78855,78080,77587,78079,77662,67324,66580,66800,67211,66654
218,31,1,65535,74978,74621,73807,73815,74397,68013,66835,67352,66953,66826,75242,74514,73976,74498,74110,64537,63785,63996,64399,63861
219,0,1,65535,78585,78190,77306,77307,77934,70890,69691,70260,69836,69686,78872,78131,77617,78104,77688,67366,66620,66832,67236,66703
220,31,1,65535,74940,74602,73779,73771,74363,67981,66806,67336,66942,66807,75215,74483,73949,74472,74089,64517,63768,63962,64383,63825
221,0,1,65535,78527,78158,77295,77253,77911,70863,69671,70244,69806,69670,78850,78106,77590,78067,77664,67351,66590,66797,67227,66661
222,31,1,65535,74949,74609,73795,73786,74348,67992,66823,67333,66934,66802,75226,74497,73956,74470,74101,64505,63783,63968,64375,63851
223,0,1,65535,78522,78149,77275,77249,77892,70842,69666,70219,69793,69658,78835,78096,77577,78059,77664,67320,66599,66800,67207,66667
224,31,1,65535,74951,74602,73783,73788,74364,67963,66807,67338,66939,66800,75217,74494,73977,74498,74115,64510,63779,63982,64396,63845
225,0,1,65535,78523,78152,77278,77264,77900,70832,69654,70223,69803,69645,78834,78100,77605,78089,77677,67333,66586,66809,67218,66670
226,31,1,65535,74939,74612,73796,73769,74347,67972,66807,67326,66921,66789,75244,74482,73944,74479,74109,64508,63769,63969,64386,63848
227,0,1,65535,78511,78161,77277,77239,77890,70848,69668,70218,69783,69650,78851,78076,77569,78078,77680,67323,66591,66791,67214,66681
228,31,1,65535,74955,74617,73796,73797,74348,67993,66819,67334,66933,66794,75229,74487,73962,74500,74095,64512,63782,63989,64395,63841
229,0,1,65535,78521,78161,77282,77263,77893,70871,69678,70233,69794,69648,78860,78071,77579,78095,77670,67339,66596,66816,67216,66680
230,31,1,65535,74951,74610,73789,73781,74371,67986,66813,67346,66939,66784,75229,74492,73961,74488,74100,64513,63780,63987,64384,63843
231,0,1,65535,78533,78177,77279,77259,77907,70845,69676,70247,69791,69640,78851,78092,77587,78083,77661,67331,66599,66813,67220,66652
232,31,1,65535,74948,74607,73800,73790,74361,67988,66815,67335,66929,66790,75239,74487,73975,74479,74098,64509,63759,63984,64391,63847
233,0,1,65535,78537,78174,77295,77268,77899,70868,69671,70222,69788,69663,78848,78080,77594,78075,77673,67324,66566,66815,67208,66670
234,31,1,65535,74944,74591,73787,73771,74351,67991,66811,67334,66920,66790,75208,74489,73960,74466,74100,64505,63753,63958,64367,63825
235,0,1,65535,78552,78181,77310,77285,77914,70882,69675,70250,69813,69669,78858,78112,77613,78094,77691,67343,66590,66811,67229,66668
236,31,1,65535,74959,74594,73797,73783,74384,68009,66818,67333,66920,66795,75214,74500,73972,74483,74120,64510,63775,63982,64373,63839
237,0,1,65535,78528,78147,77278,77262,77907,70868,69677,70224,69773,69642,78825,78086,77590,78078,77668,67335,66587,66803,67208,66660
238,31,1,65535,74941,74602,73786,73786,74368,68014,66814,67335,66920,66797,75204,74484,73985,74472,74117,64510,63776,63976,64392,63840
239,0,1,65535,78501,78152,77262,77250,77878,70868,69664,70222,69775,69636,78808,78071,77588,78058,77660,67316,66580,66786,67208,66657
240,31,1,65535,74957,74601,73789,73779,74345,68004,66823,67324,66921,66782,75215,74482,73959,74464,74105,64506,63772,63980,64376,63840
241,0,1,65535,78517,78153,77275,77246,77889,70871,69672,70232,69794,69641,78840,78069,77573,78059,77669,67331,66590,66800,67222,66672
242,31,1,65535,74936,74604,73778,73770,74345,67988,66812,67319,66908,66782,75206,74467,73957,74467,74099,64505,63754,63954,64368,63828
243,0,1,65535,78554,78194,77302,77273,77924,70880,69696,70242,69807,69666,78855,78097,77606,78094,77687,67349,66598,66815,67232,66669
244,31,1,65535,74952,74604,73795,73764,74356,67997,66823,67331,66916,66783,75222,74471,73957,74475,74095,64509,63762,63967,64383,63839
245,0,1,65535,78528,78174,77295,77252,77900,70868,69685,70230,69793,69647,78837,78092,77588,78075,77674,67335,66580,66812,67229,66664
246,31,1,65535,74933,74590,73782,73769,74352,67994,66813,67315,66912,66768,75213,74476,73929,74459,74099,64507,63736,63962,64372,63835
247,0,1,65535,78533,78187,77291,77266,77903,70884,69686,70234,69795,69639,78847,78103,77571,78078,77673,67338,66562,66799,67223,66686
248,31,1,65535,74927,74592,73775,73756,74352,67983,66813,67328,66941,66786,75205,74485,73960,74461,74091,64523,63763,63969,64381,63829
249,0,1,65535,78539,78166,77281,77253,77917,70870,69684,70242,69822,69667,78836,78106,77604,78077,77685,67372,66600,66816,67242,66679
250,31,1,65535,74971,74623,73805,73801,74379,68030,66831,67364,66962,66803,75232,74514,73968,74500,74127,64533,63775,64002,64401,63847
251,0,1,65535,78562,78176,77304,77273,77922,70900,69681,70271,69827,69655,78849,78111,77590,78095,77688,67359,66608,66834,67248,66690
252,31,1,65535,74963,74607,73782,73773,74362,68010,66830,67352,66939,66799,75210,74490,73953,74472,74110,64517,63748,63966,64393,63835
253,0,1,65535,78562,78174,77277,77267,77909,70896,69684,70262,69812,69675,78846,78115,77593,78086,77687,67343,66574,66808,67234,66675
254,31,1,65535,74977,74596,73821,73799,74376,68022,66820,67355,66939,66817,75204,74516,73975,74464,74117,64535,63786,63972,64410,63860
255,0,1,65535,78578,78174,77321,77301,77938,70902,69695,70272,69815,69701,78863,78135,77616,78087,77695,67367,66619,66821,67263,66710
256,31,1,65535,74961,74604,73795,73789,74362,67999,66811,67350,66928,66811,75227,74501,73963,74460,74100,64527,63771,63963,64395,63837
257,0,1,65535,78550,78190,77306,77280,77915,70875,69680,70262,69804,69689,78872,78122,77613,78073,77695,67363,66607,66810,67242,66694
258,31,1,65535,74978,74623,73816,73817,74374,68013,66829,67359,66947,66814,75237,74512,73969,74462,74119,64539,63786,63986,64396,63856
259,0,1,65535,78563,78174,77299,77288,77906,70881,69683,70264,69801,69673,78855,78109,77608,78051,77672,67348,66606,66802,67217,66678
260,31,1,65535,74973,74622,73820,73810,74373,68014,66836,67357,66945,66808,75230,74506,73978,74473,74124,64523,63776,63972,64387,63861
261,0,1,65535,78548,78177,77305,77280,77917,70884,69684,70259,69792,69668,78860,78102,77601,78078,77687,67353,66600,66816,67223,66694
262,31,1,65535,74977,74629,73805,73800,74380,68022,66834,67369,66938,66817,75244,74523,73986,74476,74128,64537,63798,64003,64406,63862
263,0,1,65535,78575,78193,77299,77279,77932,70908,69698,70275,69814,69677,78884,78130,77621,78078,77700,67367,66624,66838,67239,66707
264,31,1,65535,74974,74602,73791,73784,74373,68005,66816,67351,66928,66808,75226,74496,73957,74440,74110,64517,63776,63985,64388,63826
265,0,1,65535,78563,78172,77290,77260,77912,70884,69676,70254,69805,69679,78842,78106,77578,78047,77677,67343,66593,66818,67227,66663
266,31,1,65535,74975,74606,73789,73781,74370,68010,66800,67340,66928,66814,75195,74503,73958,74466,74107,64512,63769,63974,64383,63845
267,0,1,65535,78557,78167,77285,77273,77919,70879,69661,70244,69802,69664,78818,78122,77597,78074,77679,67343,66589,66817,67231,66681
268,31,1,65535,75005,74611,73813,73805,74377,68034,66821,67359,66949,66833,75251,74508,73984,74477,74132,64528,63807,63998,64414,63877
269,0,1,65535,78584,78162,77295,77277,77914,70893,69673,70253,69812,69685,78862,78104,77606,78080,77682,67347,66615,66824,67235,66703
270,31,1,65535,74971,74585,73806,73791,74366,67989,66817,67345,66928,66797,75246,74500,73953,74469,74111,64504,63760,63968,64376,63864
271,0,1,65535,78592,78189,77334,77304,77926,70894,69704,70273,69835,69687,78887,78130,77629,78101,77707,67364,66616,66822,67238,66719
272,31,1,65535,74955,74607,73808,73788,74359,67996,66810,67343,66945,66791,75222,74493,73977,74457,74127,64514,63777,63975,64383,63832
273,0,1,65535,78536,78155,77317,77269,77899,70870,69663,70240,69804,69655,78837,78095,77607,78059,77678,67334,66588,66817,67223,66661
274,31,1,65535,74957,74580,73796,73789,74372,68001,66813,67330,66946,66787,75211,74503,73972,74468,74112,64503,63761,63972,64376,63846
275,0,1,65535,78550,78145,77310,77271,77925,70883,69680,70232,69822,69655,78844,78107,77605,78077,77694,67346,66602,66809,67241,66690
276,31,1,65535,74966,74623,73800,73794,74369,68011,66818,67349,66944,66800,75207,74499,73966,74464,74122,64513,63781,63984,64393,63863
277,0,1,65535,78550,78175,77297,77281,77920,70884,69680,70265,69822,69656,78846,78109,77609,78066,77679,67349,66602,66818,67241,66701
278,31,1,65535,74981,74624,73819,73793,74390,68025,66830,67349,66942,66809,75228,74501,74003,74481,74140,64521,63790,63981,64392,63863
279,0,1,65535,78573,78185,77321,77287,77932,70888,69681,70243,69818,69671,78853,78119,77617,78102,77712,67358,66599,66813,67232,66694
280,31,1,65535,74962,74598,73791,73783,74352,68002,66790,67328,66936,66792,75207,74491,73969,74464,74109,64504,63781,63972,64390,63830
281,0,1,65535,78552,78147,77281,77259,77894,70885,69641,70236,69783,69658,78833,78103,77603,78071,77672,67337,66589,66802,67224,66660
282,31,1,65535,74978,74617,73785,73777,74377,68004,66808,67349,66939,66815,75238,74497,73972,74486,74130,64498,63790,63996,64389,63851
283,0,1,65535,78584,78189,77297,77260,77933,70882,69675,70256,69807,69695,78872,78128,77608,78095,77697,67336,66621,66840,67241,66695
284,31,1,65535,74945,74608,73792,73782,74352,67995,66805,67329,66925,66807,75213,74491,73955,74478,74094,64501,63786,63980,64379,63828
285,0,1,65535,78553,78185,77309,77279,77928,70888,69686,70249,69823,69688,78863,78121,77604,78092,77685,67338,66619,66842,67244,66680
286,31,1,65535,74966,74600,73777,73761,74359,67996,66818,67335,66945,66806,75201,74499,73956,74472,74104,64507,63767,63985,64368,63827
287,0,1,65535,78547,78158,77272,77252,77905,70870,69666,70233,69807,69671,78825,78097,77582,78065,77668,67344,66580,66809,67211,66659
288,31,1,65535,74963,74598,73817,73779,74368,67991,66799,67340,66932,66811,75232,74509,73959,74476,74088,64518,63778,63969,64384,63823
289,0,1,65535,78528,78146,77289,77244,77894,70857,69649,70217,69787,69666,78829,78099,77581,78058,77635,67333,66593,66809,67202,66651
290,31,1,65535,74956,74584,73782,73782,74354,67967,66799,67341,66919,66789,75219,74489,73959,74472,74107,64508,63773,63973,64384,63831
291,0,1,65535,78550,78156,77293,77286,77918,70850,69666,70251,69789,69672,78853,78115,77597,78076,77679,67345,66598,66816,67223,66666
292,31,1,65535,74967,74594,73815,73809,74368,67991,66831,67349,66939,66811,75210,74503,73972,74479,74111,64512,63778,63976,64373,63839
293,0,1,65535,78538,78147,77296,77281,77908,70858,69677,70252,69800,69667,78832,78095,77610,78073,77667,67333,66591,66797,67206,66663
294,31,1,65535,74962,74603,73788,73793,74373,67992,66822,67346,66939,66801,75209,74497,73969,74468,74123,64519,63795,63980,64382,63850
295,0,1,65535,78522,78137,77274,77273,77888,70848,69667,70232,69781,69661,78826,78083,77579,78041,77672,67331,66599,66796,67220,66660
296,31,1,65535,74980,74585,73807,73808,74372,67995,66824,67353,66935,66814,75225,74501,73976,74484,74109,64521,63789,63986,64386,63856
297,0,1,65535,78554,78141,77289,77290,77900,70869,69672,70242,69793,69663,78853,78096,77596,78076,77676,67350,66602,66814,67212,66684
298,31,1,65535,74952,74598,73796,73791,74356,67990,66790,67334,66930,66776,75210,74497,73964,74481,74103,64514,63769,63968,64378,63831
299,0,1,65535,78544,78169,77291,77285,77911,70865,69667,70241,69805,69648,78847,78108,77591,78084,77668,67350,66595,66812,67220,66673
300,31,1,65535,74967,74600,73801,73802,74359,68004,66836,67347,66939,66811,75202,74494,73966,74472,74114,64516,63777,63977,64381,63848
301,0,1,65535,78566,78186,77312,77302,77907,70899,69708,70245,69816,69683,78839,78115,77621,78083,77687,67349,66609,66821,67225,66692
302,31,1,65535,74974,74589,73797,73801,74370,68002,66815,67331,66934,66810,75213,74501,73970,74473,74112,64520,63783,63980,64389,63846
303,0,1,65535,78547,78156,77283,77275,77905,70865,69664,70221,69800,69658,78829,78104,77584,78068,77676,67343,66584,66814,67213,66673
304,31,1,65535,74951,74589,73810,73795,74346,67997,66807,67337,66926,66790,75233,74493,73971,74462,74107,64513,63772,63972,64401,63841
305,0,1,65535,78555,78171,77311,77288,77896,70879,69679,70236,69812,69663,78838,78115,77619,78085,77682,67348,66596,66810,67245,66687
306,31,1,65535,74957,74584,73795,73787,74368,68009,66812,67318,66940,66785,75216,74494,73953,74464,74096,64504,63757,63975,64386,63847
307,0,1,65535,78543,78151,77285,77272,77912,70890,69668,70217,69813,69644,78842,78103,77604,78064,77676,67323,66587,66815,67231,66683
308,31,1,65535,74957,74608,73805,73814,74374,68009,66840,67340,66951,66814,75221,74501,73963,74481,74122,64524,63797,63992,64398,63866
309,0,1,65535,78539,78162,77289,77277,77907,70884,69691,70235,69808,69674,78837,78088,77598,78072,77685,67350,66602,66829,67236,66701
310,31,1,65535,74958,74608,73801,73795,74365,67995,66815,67335,66951,66810,75202,74496,73960,74467,74100,64526,63768,63985,64404,63856
311,0,1,65535,78562,78188,77311,77298,77921,70893,69687,70249,69831,69699,78866,78117,77611,78085,77699,67360,66598,66836,67253,66701
312,31,1,65535,74978,74607,73813,73816,74396,68007,66815,67340,66964,66809,75221,74524,73990,74487,74132,64527,63792,63990,64411,63877
313,0,1,65535,78554,78163,77308,77288,77938,70879,69674,70236,69827,69676,78853,78121,77603,78078,77699,67340,66617,66818,67229,66705
314,31,1,65535,74967,74619,73810,73800,74380,68014,66817,67332,66949,66814,75228,74501,73966,74474,74123,64522,63783,63985,64389,63870
315,0,1,65535,78536,78151,77274,77256,77905,70863,69655,70212,69781,69665,78833,78084,77582,78059,77669,67323,66570,66794,67198,66684
316,31,1,65535,74967,74627,73788,73796,74397,68003,66827,67334,66932,66799,75224,74503,73961,74486,74116,64511,63776,63974,64384,63859
317,0,1,65535,78549,78194,77294,77288,77956,70883,69696,70240,69816,69681,78859,78120,77605,78092,77702,67341,66615,66820,67241,66713
318,31,1,65535,74977,74607,73812,73816,74388,68018,66840,67357,66945,66819,75226,74507,73984,74482,74120,64530,63782,63964,64397,63870
319,0,1,65535,78563,78167,77301,77294,77936,70887,69701,70259,69818,69673,78868,78121,77603,78089,77689,67358,66587,66810,67241,66701
320,31,1,65535,74976,74621,73805,73809,74386,68013,66849,67364,66961,66819,75264,74531,73978,74492,74126,64536,63797,63987,64411,63871
321,0,1,65535,78536,78146,77282,77266,77910,70862,69684,70254,69806,69665,78857,78109,77579,78067,77672,67347,66584,66796,67233,66680
322,31,1,65535,74966,74606,73793,73792,74361,67998,66819,67330,66925,66794,75224,74511,73972,74488,74122,64520,63773,63969,64391,63856
323,0,1,65535,78559,78182,77289,77290,77909,70867,69681,70243,69800,69670,78864,78125,77608,78107,77692,67356,66598,66805,67246,66703
324,31,1,65535,74953,74602,73783,73791,74367,68004,66813,67339,66935,66815,75221,74508,73958,74485,74107,64505,63775,63954,64391,63846
325,0,1,65535,78529,78168,77295,77272,77913,70870,69668,70247,69806,69677,78846,78110,77584,78083,77674,67338,66606,66798,67229,66677
326,31,1,65535,74962,74624,73814,73792,74371,68004,66829,67336,66935,66804,75214,74501,73970,74491,74128,64543,63797,63976,64408,63860
327,0,1,65535,78536,78178,77301,77265,77906,70876,69683,70246,69798,69669,78840,78103,77593,78088,77690,67361,66610,66794,67240,66694
328,31,1,65535,74984,74644,73814,73813,74384,68025,66843,67364,66973,66831,75247,74521,73977,74501,74134,64542,63814,63992,64419,63866
329,0,1,65535,78564,78197,77308,77285,77923,70887,69698,70251,69842,69683,78857,78122,77598,78095,77696,67348,66622,66820,67262,66690
330,31,1,65535,74973,74623,73814,73793,74377,68007,66837,67349,66954,66808,75224,74515,73980,74488,74133,64516,63790,63995,64418,63879
331,0,1,65535,78547,78181,77296,77284,77915,70875,69682,70245,69815,69672,78860,78110,77605,78094,77694,67354,66613,66818,67264,66706
332,31,1,65535,74932,74597,73786,73782,74345,67991,66805,67325,66934,66782,75209,74496,73972,74481,74123,64488,63770,63971,64377,63827
333,0,1,65535,78519,78151,77283,77255,77890,70866,69670,70229,69800,69642,78838,78098,77594,78074,77674,67316,66582,66788,67217,66662
334,31,1,65535,74956,74606,73802,73801,74369,68000,66816,67337,66942,66818,75239,74506,73973,74478,74124,64523,63776,63984,64406,63852
335,0,1,65535,78570,78184,77316,77307,77928,70903,69691,70256,69834,69694,78885,78134,77622,78090,77709,67362,66610,66829,67267,66695
336,31,1,65535,74937,74571,73798,73797,74358,67980,66799,67332,66943,66789,75228,74489,73961,74481,74113,64507,63760,63945,64377,63828
337,0,1,65535,78520,78137,77283,77280,77897,70851,69663,70222,69808,69660,78853,78083,77584,78078,77674,67332,66570,66781,67209,66663
338,31,1,65535,74946,74598,73818,73793,74363,67992,66807,67336,66957,66799,75253,74493,73968,74497,74118,64510,63756,63974,64405,63840
339,0,1,65535,78520,78149,77301,77258,77909,70856,69659,70218,69803,69642,78852,78080,77586,78077,77665,67322,66567,66786,67221,66655
340,31,1,65535,74966,74598,73817,73817,74376,68012,66811,67356,66960,66817,75227,74521,73989,74480,74120,64514,63790,63988,64400,63869
341,0,1,65535,78558,78152,77303,77295,77907,70881,69663,70253,69828,69687,78865,78116,77609,78087,77687,67343,66604,66829,67246,66700
342,31,1,65535,74966,74606,73826,73816,74393,68019,66832,67355,66955,66830,75242,74525,73988,74494,74127,64508,63794,63989,64413,63863
343,0,1,65535,78549,78151,77310,77285,77930,70888,69681,70255,69820,69696,78858,78127,77605,78095,77681,67335,66613,66820,67244,66689
344,31,1,65535,74949,74577,73794,73781,74355,68002,66806,67334,66944,66814,75206,74494,73963,74485,74097,64505,63754,63968,64397,63844
345,0,1,65535,78552,78144,77297,77287,77916,70884,69679,70254,69825,69695,78861,78116,77604,78091,77676,67352,66595,66819,67248,66686
346,31,1,65535,74970,74603,73811,73794,74372,68010,66828,67346,66970,66818,75242,74521,73992,74489,74126,64532,63766,63997,64406,63883
347,0,1,65535,78555,78177,77316,77283,77909,70887,69688,70249,69846,69685,78871,78138,77607,78095,77694,67358,66595,66830,67243,66713
348,31,1,65535,74955,74615,73814,73787,74372,67996,66813,67337,66960,66804,75226,74502,73970,74466,74116,64513,63752,63970,64399,63847
349,0,1,65535,78527,78157,77295,77266,77892,70863,69655,70229,69825,69676,78831,78097,77598,78066,77668,67331,66568,66800,67227,66678
350,31,1,65535,74953,74596,73821,73802,74364,67994,66809,67321,66934,66793,75223,74487,73969,74462,74098,64501,63756,63976,64382,63821
351,0,1,65535,78537,78159,77317,77291,77921,70881,69672,70230,69809,69669,78860,78083,77621,78073,77672,67323,66587,66808,67231,66668
352,31,1,65535,74957,74610,73818,73795,74384,68015,66809,67334,66939,66796,75236,74502,73981,74502,74127,64498,63772,63992,64398,63841
353,0,1,65535,78529,78153,77302,77268,77914,70868,69658,70224,69796,69658,78853,78097,77586,78086,77681,67317,66581,66814,67230,66669
354,31,1,65535,74945,74586,73795,73793,74352,67992,66803,67337,66919,66790,75226,74488,73963,74474,74109,64500,63762,63975,64373,63837
355,0,1,65535,78542,78164,77303,77289,77907,70877,69671,70247,69797,69667,78873,78094,77607,78084,77676,67335,66595,66809,67228,66689
356,31,1,65535,74946,74597,73817,73795,74355,68007,66815,67343,66945,66807,75236,74489,73967,74476,74097,64502,63766,63991,64395,63831
357,0,1,65535,78518,78136,77306,77272,77883,70865,69656,70240,69810,69664,78844,78082,77589,78078,77663,67319,66573,66818,67229,66659
358,31,1,65535,74966,74599,73809,73807,74365,68007,66827,67344,66942,66811,75239,74512,73970,74489,74121,64514,63771,63992,64398,63839
359,0,1,65535,78529,78133,77275,77259,77885,70859,69659,70223,69794,69646,78840,78082,77576,78059,77666,67319,66563,66796,67206,66641
360,31,1,65535,74955,74596,73806,73783,74359,68009,66802,67344,66925,66795,75220,74483,73955,74480,74122,64503,63743,63982,64399,63838
361,0,1,65535,78565,78172,77312,77294,77928,70893,69682,70263,69825,69680,78868,78105,77611,78103,77712,67360,66603,66839,67261,66694
362,31,1,65535,74960,74606,73818,73796,74362,68020,66810,67353,66950,66825,75238,74503,73981,74505,74113,64524,63772,63992,64411,63848
363,0,1,65535,78544,78164,77308,77268,77913,70891,69667,70246,69811,69694,78856,78110,77603,78101,77681,67348,66593,66829,67244,66676
364,31,1,65535,74971,74596,73811,73808,74382,68015,66811,67362,66939,66830,75247,74514,73958,74482,74115,64510,63771,63996,64387,63857
365,0,1,65535,78552,78155,77306,77281,77934,70888,69661,70265,69818,69683,78866,78118,77598,78085,77697,67335,66592,66836,67233,66685
366,31,1,65535,74957,74592,73801,73789,74371,67998,66796,67346,66953,66823,75227,74503,73976,74480,74116,64498,63767,63985,64383,63843
367,0,1,65535,78554,78161,77305,77285,77923,70876,69661,70259,69830,69697,78875,78127,77614,78082,77694,67336,66592,66835,67232,66682
368,31,1,65535,74964,74625,73802,73806,74376,68003,66816,67356,66954,66827,75218,74525,73976,74494,74133,64517,63783,64007,64400,63852
369,0,1,65535,78556,78181,77287,77277,77915,70866,69657,70250,69803,69681,78847,78117,77584,78089,77689,67327,66604,66830,67232,66675
370,31,1,65535,74970,74622,73818,73807,74361,68011,66829,67353,66943,66812,75212,74496,73959,74485,74124,64509,63768,63998,64392,63844
371,0,1,65535,78542,78177,77284,77264,77897,70874,69674,70247,69800,69662,78834,78094,77576,78077,77690,67336,66585,66824,67227,66675
372,31,1,65535,74979,74606,73793,73794,74366,68010,66818,67351,66956,66806,75250,74520,73982,74491,74118,64512,63777,63988,64396,63848
373,0,1,65535,78552,78161,77288,77283,77911,70880,69680,70249,69808,69664,78874,78119,77603,78087,77676,67332,66595,66818,67240,66670
374,31,1,65535,74964,74593,73808,73798,74356,67994,66798,67353,66964,66803,75244,74501,73961,74482,74103,64503,63778,63982,64393,63827
375,0,1,65535,78563,78146,77312,77292,77909,70870,69660,70257,69834,69673,78872,78107,77599,78086,77681,67337,66598,66825,67235,66665
376,31,1,65535,74960,74583,73806,73781,74366,67987,66818,67347,66939,66798,75238,74520,73986,74481,74107,64508,63791,63989,64391,63855
377,0,1,65535,78551,78151,77329,77282,77928,70879,69689,70258,69817,69673,78875,78146,77628,78107,77698,67349,66627,66834,67251,66695
378,31,1,65535,74978,74616,73809,73806,74378,68015,66832,67362,66943,66805,75224,74515,73979,74485,74107,64517,63789,64000,64403,63840
379,0,1,65535,78565,78160,77300,77280,77911,70887,69685,70250,69808,69662,78838,78112,77600,78080,77670,67342,66599,66817,67238,66663
380,31,1,65535,74973,74606,73789,73795,74373,68012,66837,67343,66941,66807,75236,74522,73974,74483,74110,64507,63784,63978,64393,63835
381,0,1,65535,78561,78153,77275,77272,77905,70866,69682,70237,69800,69664,78846,78124,77601,78069,77664,67322,66599,66805,67217,66661
382,31,1,65535,74974,74602,73804,73798,74374,68015,66828,67340,66944,66803,75226,74516,73977,74477,74124,64514,63763,63997,64396,63848
383,0,1,65535,78588,78196,77326,77294,77939,70914,69698,70259,69825,69692,78874,78150,77627,78105,77716,67359,66597,66843,67262,66698
384,31,1,65535,74978,74615,73809,73809,74363,68010,66826,67337,66932,66799,75219,74512,73970,74477,74102,64509,63792,63981,64387,63841
385,0,1,65535,78582,78186,77324,77308,77920,70903,69698,70258,69837,69685,78881,78142,77630,78098,77685,67349,66623,66827,67245,66693
386,31,1,65535,74973,74613,73817,73793,74379,67998,66807,67347,66944,66809,75223,74518,73970,74492,74123,64509,63775,63991,64394,63842
387,0,1,65535,78557,78181,77298,77271,77922,70864,69670,70240,69815,69673,78859,78123,77593,78092,77687,67338,66589,66826,67221,66679
388,31,1,65535,74964,74619,73813,73807,74372,68014,66829,67354,66942,66809,75233,74516,73991,74489,74114,64518,63787,64001,64406,63844
389,0,1,65535,78549,78182,77316,77286,77933,70895,69689,70264,69815,69679,78876,78121,77638,78096,77691,67348,66615,66853,67244,66679
390,31,1,65535,74991,74638,73806,73801,74379,68016,66826,67350,66941,66824,75233,74527,73991,74496,74114,64520,63780,63982,64382,63840
391,0,1,65535,78548,78190,77293,77279,77917,70893,69672,70243,69802,69682,78843,78126,77609,78084,77668,67331,66581,66817,67210,66668
392,31,1,65535,74972,74618,73800,73799,74366,68003,66804,67348,66923,66803,75205,74506,73985,74491,74100,64510,63787,63988,64387,63845
393,0,1,65535,78561,78191,77311,77284,77916,70892,69678,70253,69801,69679,78823,78126,77618,78100,77678,67339,66601,66824,67239,66691
394,31,1,65535,74971,74594,73798,73792,74370,68010,66809,67340,66943,66805,75214,74507,73968,74489,74109,64506,63789,63983,64397,63837
395,0,1,65535,78555,78160,77293,77286,77913,70871,69670,70243,69800,69651,78839,78111,77587,78094,77675,67324,66602,66821,67233,66668
396,31,1,65535,74966,74600,73800,73795,74372,68006,66811,67329,66922,66794,75216,74498,73956,74489,74107,64503,63769,63967,64379,63829
397,0,1,65535,78577,78193,77322,77306,77949,70896,69690,70252,69803,69676,78868,78138,77610,78109,77701,67349,66605,66823,67234,66681
398,31,1,65535,74962,74612,73803,73806,74373,67993,66834,67340,66946,66811,75218,74527,73971,74496,74117,64500,63788,63987,64391,63840
399,0,1,65535,78552,78186,77299,77293,77927,70883,69701,70242,69822,69668,78863,78144,77599,78104,77689,67343,66618,66828,67238,66684
400,31,1,65535,74995,74615,73798,73824,74400,68024,66830,67356,66953,66805,75236,74533,73981,74514,74122,64536,63788,63996,64413,63848
401,0,1,65535,78571,78159,77284,77293,77935,70883,69675,70241,69813,69653,78831,78127,77589,78099,77669,67348,66604,66820,67236,66672
402,31,1,65535,74984,74622,73801,73818,74384,68016,66825,67343,66958,66806,75227,74526,73963,74504,74108,64525,63794,63989,64410,63862
403,0,1,65535,78583,78190,77311,77315,77950,70897,69688,70260,69843,69685,78872,78143,77615,78115,77690,67369,66622,66840,67253,66700
404,31,1,65535,74979,74605,73807,73813,74390,68013,66813,67340,66953,66825,75235,74526,73963,74482,74117,64526,63784,63999,64402,63839
405,0,1,65535,78554,78139,77280,77284,77919,70871,69671,70234,69799,69686,78846,78107,77591,78082,77669,67335,66585,66828,67222,66662
406,31,1,65535,74982,74601,73809,73811,74384,68014,66820,67346,66948,66828,75241,74515,73960,74515,74121,64537,63787,63980,64398,63841
407,0,1,65535,78568,78167,77309,77298,77919,70892,69683,70246,69813,69695,78873,78128,77590,78117,77688,67360,66623,66813,67250,66677
408,31,1,65535,74984,74602,73799,73814,74394,68010,66837,67347,66949,66831,75233,74500,73972,74490,74122,64522,63792,63996,64409,63849
409,0,1,65535,78587,78169,77311,77311,77935,70882,69701,70259,69822,69704,78878,78120,77612,78106,77687,67354,66619,66835,67254,66697
410,31,1,65535,74985,74619,73813,73796,74375,68007,66823,67350,66944,66823,75235,74510,73967,74488,74117,64528,63790,64008,64404,63846
411,0,1,65535,78592,78203,77334,77309,77940,70908,69709,70271,69833,69714,78886,78144,77617,78118,77714,67376,66623,66849,67260,66711
412,31,1,65535,74971,74612,73800,73810,74366,68005,66835,67362,66949,66829,75226,74526,73968,74496,74126,64531,63798,63993,64411,63859
413,0,1,65535,78553,78161,77287,77299,77905,70867,69690,70254,69813,69690,78845,78119,77603,78081,77688,67359,66605,66827,67240,66700
414,31,1,65535,74971,74614,73790,73812,74372,68009,66836,67349,66922,66816,75236,74510,73973,74480,74124,64513,63801,63988,64399,63850
415,0,1,65535,78566,78189,77306,77305,77932,70890,69704,70264,69818,69698,78874,78126,77606,78105,77693,67354,66635,66823,67251,66704
416,31,1,65535,74966,74629,73803,73798,74391,68012,66827,67354,66944,66835,75232,74511,73973,74494,74125,64522,63789,63980,64399,63850
417,0,1,65535,78548,78188,77299,77280,77938,70873,69697,70233,69806,69696,78859,78107,77604,78089,77680,67350,66595,66823,67241,66687
418,31,1,65535,74970,74610,73801,73801,74384,68003,66832,67353,66935,66813,75226,74513,73979,74478,74116,64520,63783,63976,64403,63855
419,0,1,65535,78583,78189,77317,77308,77944,70893,69701,70282,69816,69704,78880,78125,77630,78115,77711,67361,66630,66831,67261,66709
420,31,1,65535,74984,74611,73821,73818,74397,68010,66838,67361,66952,66827,75241,74517,73985,74500,74115,64529,63788,63986,64403,63860
421,0,1,65535,78555,78160,77306,77288,77939,70872,69682,70252,69816,69688,78850,78115,77616,78087,77666,67356,66594,66821,67235,66680
422,31,1,65535,74981,74622,73798,73820,74403,68005,66836,67351,66930,66821,75224,74521,73980,74500,74118,64524,63792,63998,64395,63849
423,0,1,65535,78574,78198,77301,77316,77957,70902,69695,70270,69819,69703,78877,78130,77618,78103,77695,67347,66619,66827,67249,66688
424,31,1,65535,74971,74629,73806,73836,74390,68014,66843,67356,66956,66827,75237,74518,73983,74501,74125,64531,63799,63998,64403,63860
425,0,1,65535,78562,78191,77300,77305,77936,70884,69688,70240,69820,69699,78860,78112,77597,78100,77680,67352,66617,66835,67238,66691
426,31,1,65535,74960,74632,73798,73820,74369,68010,66832,67349,66950,66825,75239,74506,73965,74477,74116,64514,63799,63990,64395,63850
427,0,1,65535,78572,78209,77328,77316,77936,70892,69699,70260,69839,69713,78884,78124,77615,78106,77699,67348,66639,66839,67248,66706
428,31,1,65535,74966,74600,73801,73811,74370,67983,66816,67343,66938,66830,75219,74499,73966,74465,74097,64492,63782,63986,64376,63837
429,0,1,65535,78547,78157,77296,77287,77907,70854,69676,70241,69803,69697,78851,78103,77591,78072,77662,67325,66590,66808,67221,66676
430,31,1,65535,74965,74589,73790,73809,74372,67990,66823,67338,66943,66824,75235,74506,73956,74475,74104,64508,63797,63980,64388,63841
431,0,1,65535,78563,78171,77300,77303,77928,70862,69693,70251,69820,69701,78878,78127,77598,78093,77689,67342,66626,66830,67243,66691
432,31,1,65535,74979,74616,73810,73810,74385,68006,66842,67359,66947,66830,75234,74513,73951,74478,74134,64524,63780,63997,64394,63870
433,0,1,65535,78574,78176,77322,77298,77937,70891,69713,70268,69832,69709,78863,78140,77611,78091,77706,67353,66610,66844,67241,66709
434,31,1,65535,74962,74603,73820,73816,74362,68010,66846,67348,66934,66821,75238,74520,73985,74496,74111,64517,63785,63990,64391,63863
435,0,1,65535,78534,78159,77299,77290,77906,70862,69691,70250,69775,69670,78850,78115,77609,78078,77669,67326,66588,66811,67223,66686
436,31,1,65535,74958,74584,73799,73797,74369,68002,66821,67332,66927,66807,75195,74515,73945,74477,74106,64507,63767,63970,64378,63829
437,0,1,65535,78557,78157,77312,77296,77939,70888,69691,70251,69814,69682,78843,78130,77599,78094,77685,67348,66605,66817,67233,66687
438,31,1,65535,74961,74594,73802,73805,74362,67991,66814,67344,66921,66804,75200,74508,73967,74482,74100,64511,63776,63974,64369,63843
439,0,1,65535,78561,78151,77293,77304,77921,70875,69694,70249,69793,69681,78824,78124,77598,78086,77671,67337,66598,66810,67217,66683
440,31,1,65535,74960,74634,73815,73800,74369,67993,66808,67324,66937,66805,75218,74503,73971,74486,74117,64506,63763,63979,64367,63848
441,0,1,65535,78542,78189,77300,77268,77911,70860,69663,70225,69796,69669,78843,78108,77599,78077,77691,67337,66588,66821,67218,66684
442,31,1,65535,74919,74604,73767,73783,74363,67976,66775,67313,66918,66790,75216,74492,73938,74462,74089,64471,63761,63969,64362,63829
443,0,1,65535,78561,78194,77296,77297,77929,70871,69667,70242,69819,69678,78867,78133,77612,78094,77693,67325,66610,66832,67236,66691
444,31,1,65535,74959,74584,73785,73787,74364,67975,66806,67321,66914,66803,75213,74503,73953,74456,74112,64497,63775,63958,64367,63831
445,0,1,65535,78541,78146,77277,77282,77904,70845,69665,70225,69784,69672,78844,78108,77584,78066,77671,67319,66586,66788,67206,66658
446,31,1,65535,74968,74600,73797,73795,74389,67994,66832,67342,66951,66814,75230,74502,73964,74487,74123,64507,63774,63984,64394,63836
447,0,1,65535,78578,78168,77307,77285,77944,70877,69688,70250,69829,69685,78859,78119,77604,78089,77683,67338,66611,66829,67233,66685
448,31,1,65535,74967,74576,73784,73778,74361,67987,66811,67323,66919,66806,75231,74507,73955,74481,74092,64500,63774,63965,64378,63830
449,0,1,65535,78550,78135,77286,77267,77910,70869,69680,70243,69789,69673,78846,78124,77588,78086,77656,67334,66601,66815,67228,66671
450,31,1,65535,74994,74612,73811,73821,74374,68019,66838,67364,66955,66820,75244,74533,73979,74496,74132,64537,63797,64001,64406,63857
451,0,1,65535,78569,78160,77296,77290,77901,70873,69684,70250,69815,69670,78851,78126,77594,78086,77691,67362,66603,66824,67221,66687
452,31,1,65535,74966,74583,73801,73805,74364,67987,66818,67343,66923,66790,75212,74487,73965,74476,74121,64515,63773,63969,64366,63821
453,0,1,65535,78542,78126,77267,77273,77899,70845,69669,70226,69771,69644,78825,78083,77571,78065,77676,67326,66580,66792,67195,66639
454,31,1,65535,74975,74612,73803,73816,74365,68005,66822,67352,66957,66815,75240,74515,73970,74482,74131,64528,63801,63989,64408,63837
455,0,1,65535,78561,78168,77301,77299,77923,70883,69684,70251,69827,69681,78869,78123,77596,78096,77690,67354,66626,66820,67253,66669
456,31,1,65535,74985,74621,73814,73813,74378,68005,66834,67360,66964,66817,75253,74524,73973,74494,74140,64523,63804,64002,64411,63847
457,0,1,65535,78582,78195,77317,77306,77932,70886,69690,70274,69840,69689,78896,78141,77613,78104,77708,67359,66624,66833,67246,66683
458,31,1,65535,74971,74624,73808,73807,74372,67987,66817,67355,66945,66820,75233,74515,73978,74493,74123,64527,63787,63984,64388,63829
459,0,1,65535,78549,78187,77315,77289,77916,70869,69680,70255,69822,69689,78865,78116,77612,78092,77696,67347,66621,66817,67240,66673
460,31,1,65535,74972,74615,73815,73811,74390,68001,66841,67360,66957,66832,75241,74522,73963,74490,74121,64532,63781,64002,64414,63845
461,0,1,65535,78540,78161,77294,77275,77927,70865,69683,70243,69816,69668,78854,78117,77564,78079,77668,67346,66584,66812,67240,66665
462,31,1,65535,74967,74605,73813,73808,74371,68004,66835,67344,66941,66830,75228,74507,73961,74476,74114,64520,63782,63982,64401,63846
463,0,1,65535,78570,78184,77321,77298,77930,70892,69696,70248,69825,69706,78877,78118,77603,78093,77702,67363,66632,66820,67257,66685
464,31,1,65535,74971,74616,73815,73811,74369,67991,66829,67337,66960,66837,75246,74517,73962,74474,74113,64526,63782,63976,64408,63832
465,0,1,65535,78551,78176,77307,77300,77920,70876,69686,70253,69840,69718,78869,78127,77585,78081,77692,67362,66600,66812,67247,66684
466,31,1,65535,74967,74595,73787,73798,74354,67987,66824,67336,66927,66810,75228,74502,73964,74484,74113,64516,63773,63967,64395,63852
467,0,1,65535,78567,78176,77313,77306,77918,70883,69705,70261,69817,69686,78864,78120,77606,78110,77686,67355,66605,66819,67247,66687
468,31,1,65535,74999,74618,73827,73824,74375,67995,66857,67346,66952,66814,75249,74529,73967,74485,74116,64522,63789,63987,64413,63864
469,0,1,65535,78558,78136,77292,77281,77891,70839,69679,70223,69801,69654,78845,78119,77561,78051,77659,67320,66582,66788,67223,66667
470,31,1,65535,74983,74589,73795,73808,74357,67978,66830,67337,66922,66797,75218,74496,73959,74466,74113,64504,63777,63968,64404,63837
471,0,1,65535,78555,78154,77276,77291,77888,70849,69683,70223,69777,69665,78829,78091,77582,78063,77681,67318,66589,66801,67230,66658
472,31,1,65535,74959,74576,73795,73812,74367,67980,66831,67351,66927,66809,75225,74495,73963,74481,74125,64513,63768,63976,64406,63844
473,0,1,65535,78540,78150,77289,77288,77909,70869,69695,70249,69794,69664,78848,78103,77584,78069,77684,67341,66586,66795,67256,66670
474,31,1,65535,74974,74616,73795,73798,74377,67998,66833,67343,66944,66828,75224,74509,73967,74481,74134,64518,63801,63966,64401,63831
475,0,1,65535,78550,78169,77291,77274,77925,70864,69693,70233,69802,69696,78851,78111,77599,78081,77705,67339,66610,66807,67241,66663
476,31,1,65535,74956,74604,73773,73793,74355,67982,66808,67330,66926,66804,75193,74481,73926,74470,74093,64486,63755,63955,64395,63814
477,0,1,65535,78562,78187,77293,77290,77908,70865,69678,70248,69813,69687,78849,78107,77581,78095,77690,67331,66594,66802,67244,66665
478,31,1,65535,74984,74611,73804,73818,74389,67997,66843,67341,66955,66833,75245,74516,73976,74484,74137,64512,63790,63968,64423,63858
479,0,1,65535,78567,78181,77316,77307,77946,70871,69705,70253,69825,69705,78881,78118,77610,78096,77714,67356,66614,66824,67265,66694
480,31,1,65535,74952,74599,73796,73811,74375,67983,66820,67332,66917,66818,75212,74487,73952,74465,74107,64497,63773,63974,64388,63822
481,0,1,65535,78545,78173,77307,77304,77923,70864,69681,70246,69798,69688,78845,78110,77588,78077,77675,67328,66608,66811,67241,66665
482,31,1,65535,74972,74622,73820,73823,74389,68016,66840,67351,66951,66833,75256,74522,73975,74488,74135,64530,63794,63991,64414,63866
483,0,1,65535,78540,78166,77300,77299,77931,70881,69700,70238,69810,69694,78862,78114,77601,78081,77690,67340,66601,66816,67244,66682
484,31,1,65535,74973,74623,73818,73815,74385,67995,66834,67351,66939,66837,75239,74519,73975,74476,74113,64524,63787,63983,64410,63844
485,0,1,65535,78541,78167,77294,77290,77909,70866,69674,70241,69795,69686,78846,78107,77587,78068,77675,67351,66588,66811,67239,66668
486,31,1,65535,74964,74605,73795,73803,74380,67997,66819,67328,66924,66809,75218,74499,73955,74470,74109,64502,63772,63975,64394,63836
487,0,1,65535,78559,78177,77301,77302,77943,70874,69695,70238,69821,69697,78853,78112,77595,78084,77686,67341,66607,66827,67237,66681
488,31,1,65535,74941,74584,73789,73792,74373,67989,66811,67324,66932,66816,75227,74496,73948,74475,74099,64501,63763,63967,64387,63826
489,0,1,65535,78533,78152,77287,77275,77914,70848,69676,70219,69802,69688,78851,78099,77574,78069,77665,67319,66582,66799,67226,66659
490,31,1,65535,74951,74569,73784,73788,74345,67967,66809,67331,66922,66805,75219,74491,73942,74463,74104,64492,63755,63950,64396,63806
491,0,1,65535,78554,78141,77303,77293,77905,70867,69683,70245,69809,69677,78873,78117,77600,78089,77692,67333,66594,66806,67245,66657
492,31,1,65535,74966,74580,73791,73780,74348,67982,66806,67335,66934,66814,75241,74493,73949,74460,74100,64486,63772,63961,64393,63814
493,0,1,65535,78549,78135,77287,77268,77884,70860,69681,70235,69796,69669,78868,78096,77575,78070,77669,67307,66596,66795,67233,66657
494,31,1,65535,74959,74597,73776,73778,74358,67978,66806,67328,66918,66808,75219,74492,73940,74466,74099,64491,63776,63953,64386,63816
495,0,1,65535,78565,78169,77285,77285,77918,70868,69697,70243,69806,69691,78858,78125,77590,78096,77681,67330,66618,66806,67242,66667
496,31,1,65535,74966,74609,73793,73806,74358,67997,66817,67321,66939,66828,75247,74506,73961,74484,74126,64497,63780,63981,64395,63831
497,0,1,65535,78540,78156,77281,77266,77892,70857,69669,70221,69807,69685,78857,78102,77590,78077,77681,67309,66582,66803,67216,66663
498,31,1,65535,74952,74620,73793,73817,74375,68000,66823,67336,66928,66825,75223,74502,73961,74488,74114,64505,63777,63975,64396,63837
499,0,1,65535,78523,78174,77278,77301,77907,70863,69682,70237,69805,69680,78844,78108,77596,78087,77681,67329,66603,66804,67234,66668
