rep,heat_enabled,transmitter_bit,transmitter_mask,ctrl_0_ro_0,ctrl_0_ro_1,ctrl_0_ro_2,ctrl_0_ro_3,ctrl_0_ro_4,ctrl_1_ro_0,ctrl_1_ro_1,ctrl_1_ro_2,ctrl_1_ro_3,ctrl_1_ro_4,ctrl_2_ro_0,ctrl_2_ro_1,ctrl_2_ro_2,ctrl_2_ro_3,ctrl_2_ro_4,ctrl_3_ro_0,ctrl_3_ro_1,ctrl_3_ro_2,ctrl_3_ro_3,ctrl_3_ro_4
0,31,1,18,836189,833143,817936,823273,814957,821750,820823,817601,828139,814324,826480,819104,808362,822503,818853,810215,814766,809888,812538,797324
1,0,1,18,842744,839593,824465,829803,821417,828172,827260,824082,834574,820846,833044,825745,814828,829076,825525,816690,821369,816434,819083,803816
2,31,1,18,836501,833310,818456,823622,815326,821977,821133,818011,828461,814686,826720,819596,808712,822899,819278,810629,815119,810235,812927,797629
3,0,1,18,842879,839645,824561,829949,821540,828298,827421,824223,834753,820947,833184,825880,814913,829252,825638,816934,821478,816529,819269,803835
4,31,1,18,836514,833243,818285,823577,815262,822081,821103,817972,828439,814662,826716,819560,808613,822921,819292,810590,815052,810171,812908,797477
5,0,1,18,842683,839394,824500,829741,821311,828122,827254,824037,834523,820773,833007,825729,814738,829075,825483,816739,821324,816333,819109,803594
6,31,1,18,836316,833087,818109,823469,815086,821824,821050,817779,828140,814437,826501,819399,808477,822759,819030,810479,814977,810021,812782,797446
7,0,1,18,842819,839554,824487,829981,821469,828201,827387,824134,834651,820801,833155,825854,814965,829160,825533,816916,821594,816492,819227,803716
8,31,1,18,836507,833179,818389,823731,815312,822014,821135,818041,828437,814571,826792,819630,808757,823027,819328,810663,815179,810155,812945,797575
9,0,1,18,842732,839354,824437,829894,821358,828142,827209,824023,834594,820765,833072,825748,814755,829251,825524,816792,821359,816336,819158,803642
10,31,1,18,836233,832914,818132,823459,814993,821795,820809,817685,828167,814424,826495,819336,808516,822885,818850,810352,814881,809910,812652,797313
11,0,1,18,842497,839191,824315,829668,821166,827987,827081,823889,834349,820624,832876,825564,814712,829142,825161,816613,821184,816223,818960,803553
12,31,1,18,836116,832808,818173,823351,814996,821738,820807,817613,828111,814331,826439,819185,808565,822841,818801,810297,814885,809943,812575,797323
13,0,1,18,842719,839437,824595,829955,821453,828246,827318,824159,834613,820842,833151,825753,815000,829400,825458,816937,821399,816475,819232,803796
14,31,1,18,836499,833231,818448,823659,815426,822134,821162,818041,828493,814761,826864,819564,808873,823138,819186,810683,815209,810457,813036,797680
15,0,1,18,842541,839283,824407,829689,821381,828185,827066,823983,834493,820708,832961,825633,814823,829094,825238,816783,821297,816418,819100,803607
16,31,1,18,836431,833285,818343,823595,815348,822079,821103,817929,828389,814698,826740,819516,808758,822908,819101,810595,815065,810308,812951,797536
17,0,1,18,842606,839462,824421,829864,821429,828191,827258,824096,834521,820764,833064,825790,814781,829103,825353,816790,821262,816457,819140,803607
18,31,1,18,836406,833388,818473,823768,815380,822108,821197,818010,828503,814737,826920,819580,808807,823026,819182,810603,815084,810291,812985,797509
19,0,1,18,842902,839867,824783,830172,821671,828470,827563,824224,834891,821107,833426,825957,815168,829344,825644,816975,821596,816592,819419,803857
20,31,1,18,836424,833375,818426,823765,815336,821945,821101,817932,828352,814665,826664,819479,808790,822962,819105,810608,815071,810336,813031,797530
21,0,1,18,842662,839473,824498,829992,821399,828121,827266,823950,834479,820787,833067,825662,814836,829183,825344,816747,821211,816527,819159,803605
22,31,1,18,836460,833279,818375,823787,815344,822011,821121,817862,828319,814647,826796,819550,808770,823038,819098,810606,815007,810298,812962,797486
23,0,1,18,842554,839247,824302,829685,821114,827940,826944,823694,834382,820567,832679,825471,814616,828989,825192,816580,821153,816294,818912,803417
24,31,1,18,836018,832957,818197,823412,815010,821694,820701,817413,828046,814347,826363,819158,808374,822613,818774,810291,814792,810053,812598,797153
25,0,1,18,842794,839524,824614,830009,821518,828329,827332,824005,834655,820912,833134,825820,815002,829244,825418,816866,821453,816602,819261,803718
26,31,1,18,836281,833079,818207,823636,815213,821871,820916,817670,828182,814462,826538,819264,808649,822814,818910,810345,814870,810061,812716,797340
27,0,1,18,842869,839632,824587,830122,821617,828354,827386,824140,834712,820934,833203,825937,815089,829348,825627,816911,821494,816597,819321,803808
28,31,1,18,836380,833136,818201,823611,815215,821850,820883,817692,828238,814482,826575,819447,808632,822823,819023,810405,814920,810075,812732,797397
29,0,1,18,842593,839368,824381,829889,821326,828056,827111,823900,834464,820652,832931,825673,814857,829034,825354,816740,821291,816316,819074,803630
30,31,1,18,836490,833283,818397,823890,815372,822050,821073,817986,828431,814676,826784,819607,808755,823046,819254,810672,815099,810401,812939,797524
31,0,1,18,842922,839794,824765,830319,821665,828446,827412,824271,834869,821030,833317,825946,815106,829541,825691,817048,821624,816882,819386,803763
32,31,1,18,836332,833064,818297,823656,815112,821843,820735,817799,828168,814484,826553,819355,808623,822924,819010,810446,814899,810137,812675,797276
33,0,1,18,842697,839404,824546,829888,821362,828199,826977,824043,834501,820844,833129,825668,814915,829216,825525,816779,821315,816464,819061,803655
34,31,1,18,836464,833182,818260,823598,815214,822014,820808,817887,828265,814527,826629,819423,808618,822960,819148,810477,814957,810141,812689,797487
35,0,1,18,842866,839548,824595,830025,821522,828267,827036,824168,834627,820748,833144,825794,814790,829264,825674,816746,821411,816398,819143,803837
36,31,1,18,836704,833452,818497,823941,815505,822231,821030,818193,828534,814667,826896,819676,808826,823127,819567,810772,815320,810268,813043,797810
37,0,1,18,842785,839481,824299,829981,821439,828206,827004,824139,834506,820649,833092,825698,814857,829215,825656,816741,821432,816416,819133,803778
38,31,1,18,836599,833369,818348,823934,815401,822090,820969,818084,828333,814536,826818,819584,808798,823097,819361,810704,815238,810250,812988,797653
39,0,1,18,842928,839642,824565,830197,821604,828349,827268,824313,834553,820883,833283,825838,815012,829386,825678,816910,821563,816595,819286,803884
40,31,1,18,836545,833387,818435,823807,815327,822042,821021,818038,828355,814690,826772,819491,808812,823076,819139,810603,815155,810232,812890,797633
41,0,1,18,842791,839491,824591,830038,821358,828198,827130,824166,834549,820770,833143,825655,814879,829285,825446,816805,821378,816437,819181,803820
42,31,1,18,836462,833279,818332,823760,815187,822018,820932,817981,828270,814588,826653,819438,808650,823000,819062,810568,815145,810197,812800,797619
43,0,1,18,842915,839613,824667,830048,821493,828365,827198,824237,834611,820931,833168,825851,814897,829445,825529,816930,821576,816582,819226,803882
44,31,1,18,836628,833391,818526,823812,815362,822175,821071,818079,828411,814756,826786,819658,808760,823190,819298,810679,815338,810350,812970,797712
45,0,1,18,843032,839780,824859,830250,821781,828540,827420,824322,834822,821096,833362,826070,815028,829479,825730,817090,821821,816712,819429,804108
46,31,1,18,836561,833349,818424,823858,815376,822122,821019,817975,828337,814576,826766,819576,808702,823090,819099,810632,815297,810258,812905,797614
47,0,1,18,842824,839548,824536,829979,821399,828256,827159,824081,834537,820602,833120,825719,814756,829211,825449,816725,821459,816357,819191,803810
48,31,1,18,836509,833211,818350,823709,815283,821998,820968,817924,828327,814428,826741,819462,808601,822908,819077,810444,815129,810081,812819,797572
49,0,1,18,842965,839703,824816,830186,821561,828359,827413,824350,834726,820884,833289,825999,815061,829404,825564,816974,821711,816523,819322,803952
50,31,1,18,836431,833156,818417,823659,815197,821868,820950,817862,828249,814440,826555,819365,808656,822907,818943,810433,815124,810059,812727,797502
51,0,1,18,843099,839756,824959,830306,821781,828470,827516,824311,834850,820975,833332,826073,815142,829473,825722,817027,821752,816814,819502,804163
52,31,1,18,836587,833293,818518,823809,815403,822044,821144,817896,828345,814571,826801,819589,808832,822994,819198,810684,815291,810301,812974,797782
53,0,1,18,842610,839241,824223,829717,821318,827921,827012,823847,834347,820473,832792,825515,814682,828851,825254,816564,821284,816183,818966,803660
54,31,1,18,836626,833290,818372,823761,815358,821979,820958,817935,828375,814528,826752,819448,808722,822943,819238,810550,815177,810191,812960,797665
55,0,1,18,842944,839564,824761,830125,821654,828185,827317,824206,834611,820842,833300,825840,814967,829288,825661,816917,821601,816545,819291,803957
56,31,1,18,836632,833311,818493,823819,815386,822027,821025,818009,828273,814586,826926,819486,808693,822962,819204,810628,815196,810231,812952,797694
57,0,1,18,842999,839534,824547,830041,821511,828201,827229,824195,834606,820790,833338,825825,814972,829254,825621,816793,821445,816470,819317,803910
58,31,1,18,836637,833199,818407,823829,815379,821979,821003,817867,828222,814556,826784,819484,808771,822928,819143,810503,815166,810255,813027,797625
59,0,1,18,842868,839465,824555,830067,821531,828191,827299,824032,834574,820841,833316,825766,814970,829112,825451,816764,821538,816427,819275,803869
60,31,1,18,836517,833183,818383,823766,815294,822010,821118,817822,828286,814581,826846,819504,808810,822869,819159,810510,815175,810147,812945,797629
61,0,1,18,842937,839546,824714,830188,821627,828371,827461,824165,834678,820965,833361,825911,815086,829277,825633,816986,821649,816568,819407,804040
62,31,1,18,836488,833203,818367,823753,815377,822046,821162,817926,828322,814609,826784,819545,808826,822981,819196,810651,815178,810219,812994,797757
63,0,1,18,842963,839484,824674,830112,821551,828294,827434,824170,834604,820933,833311,825820,815064,829313,825564,816981,821496,816600,819439,804055
64,31,1,18,836440,832995,818414,823671,815090,821954,821006,817806,828163,814548,826631,819377,808752,822848,819086,810531,815050,810078,812894,797649
65,0,1,18,842843,839374,824579,829960,821350,828193,827158,824140,834566,820839,833184,825699,814984,829122,825459,816885,821573,816456,819194,803920
66,31,1,18,836546,833134,818330,823700,815138,821884,821004,817952,828237,814623,826720,819414,808750,822861,819042,810607,815156,810180,812762,797613
67,0,1,18,842524,839262,824295,829806,821169,827870,827017,823873,834316,820574,832928,825502,814764,828923,825244,816700,821294,816262,818945,803612
68,31,1,18,836534,833382,818519,823842,815414,822008,821171,818038,828373,814718,826896,819610,808982,822987,819355,810804,815251,810366,812973,797819
69,0,1,18,842827,839594,824720,830019,821549,828173,827297,824210,834609,820910,833238,825772,815078,829275,825708,817008,821560,816585,819163,803966
70,31,1,18,836372,833206,818331,823655,815284,821811,820978,817879,828320,814572,826738,819378,808796,822903,819181,810657,815244,810258,812750,797590
71,0,1,18,842733,839512,824408,829843,821377,828069,827141,823982,834539,820678,833109,825578,814870,829041,825545,816756,821434,816379,819043,803696
72,31,1,18,836294,833043,818229,823541,815185,821746,820848,817696,828088,814402,826537,819199,808556,822701,819126,810448,815017,810076,812634,797378
73,0,1,18,842838,839603,824713,830082,821577,828202,827278,824147,834648,820788,833219,825727,815101,829294,825618,817015,821592,816542,819217,803870
74,31,1,18,836510,833319,818453,823878,815444,821977,821127,818000,828419,814675,826884,819485,808983,823078,819261,810777,815254,810292,812918,797701
75,0,1,18,842809,839530,824575,830069,821441,828118,827315,824098,834591,820810,833130,825731,815041,829247,825542,817000,821493,816529,819148,803790
76,31,1,18,836473,833374,818445,823931,815327,821994,821180,817973,828455,814607,826771,819525,808937,823125,819238,810806,815268,810328,812942,797762
77,0,1,18,842696,839561,824581,830092,821431,828068,827347,824035,834595,820773,833084,825664,814978,829274,825436,816862,821486,816574,819128,803848
78,31,1,18,836210,832996,818126,823488,814959,821616,820807,817602,828017,814339,826577,819226,808507,822737,818853,810317,814902,809980,812565,797338
79,0,1,18,842784,839412,824445,829947,821383,828002,827184,823954,834478,820737,833120,825598,814798,829167,825351,816809,821352,816359,819064,803665
80,31,1,18,836638,833394,818523,823985,815438,821996,821135,817930,828457,814651,826997,819549,808763,823258,819297,810829,815226,810316,813009,797739
81,0,1,18,842709,839427,824513,829937,821483,828033,827147,824032,834549,820663,833311,825630,814798,829345,825492,816894,821387,816427,819105,803756
82,31,1,18,836653,833447,818531,823912,815504,822102,821233,818097,828463,814704,827028,819555,808833,823328,819323,810851,815295,810377,813000,797691
83,0,1,18,842547,839244,824262,829732,821209,827877,827060,823839,834267,820497,833030,825423,814659,829163,825202,816690,821226,816215,818863,803535
84,31,1,18,836329,833066,818268,823621,815109,821734,820949,817778,828184,814433,826728,819229,808669,822994,818926,810557,815027,810132,812676,797483
85,0,1,18,842775,839456,824560,829996,821388,828010,827188,824096,834461,820632,833214,825618,814847,829267,825395,816889,821367,816305,819070,803769
86,31,1,18,836663,833345,818674,823929,815400,822027,821166,818028,828408,814628,827162,819535,808895,823238,819239,810808,815272,810350,812990,797811
87,0,1,18,842796,839321,824574,830001,821318,827993,827102,823974,834460,820682,833284,825623,814874,829189,825341,816828,821347,816441,819131,803665
88,31,1,18,836576,833154,818432,823846,815240,821925,821026,817896,828273,814514,826938,819463,808698,823058,819103,810637,815132,810329,812855,797653
89,0,1,18,842855,839396,824705,830082,821446,828230,827174,824076,834510,820697,833279,825672,814932,829309,825349,816783,821456,816537,819053,803775
90,31,1,18,836414,833133,818509,823791,815229,821974,820934,817849,828239,814462,826845,819364,808693,823093,818917,810456,815094,810178,812723,797564
91,0,1,18,842756,839403,824718,829960,821409,828108,827148,824041,834511,820624,833344,825575,814908,829378,825304,816763,821454,816475,819045,803796
92,31,1,18,836364,833152,818379,823675,815256,821829,820924,817808,828238,814454,826900,819332,808669,823020,818912,810605,815131,810060,812625,797556
93,0,1,18,842838,839516,824586,830059,821471,828119,827207,824074,834618,820759,833311,825771,814904,829404,825343,816940,821529,816347,819027,803852
94,31,1,18,836732,833521,818619,824042,815512,822102,821162,818121,828533,814708,827090,819679,809039,823334,819263,810901,815428,810454,812953,797892
95,0,1,18,842809,839570,824535,830068,821434,828060,827107,824107,834547,820704,833241,825788,814998,829349,825451,816928,821552,816437,819063,803804
96,31,1,18,836210,832957,818075,823575,815028,821670,820690,817681,828040,814337,826641,819228,808523,822861,818819,810499,814942,809935,812445,797428
97,0,1,18,843021,839635,824643,830169,821557,828244,827382,824241,834783,820920,833492,825871,815091,829419,825640,817112,821617,816600,819139,804001
98,31,1,18,836343,833012,818146,823550,815101,821706,820779,817695,828167,814321,826663,819280,808598,822817,818987,810588,814937,810059,812543,797461
99,0,1,18,842707,839344,824486,829909,821395,828015,827098,823979,834485,820647,833194,825608,814789,829181,825421,816920,821459,816445,818944,803726
100,31,1,18,836348,833077,818155,823583,815150,821745,820807,817825,828141,814441,826747,819437,808602,822881,819040,810611,815081,810148,812560,797485
101,0,1,18,842768,839500,824515,830095,821404,828155,827122,824089,834548,820740,833209,825756,814855,829190,825435,816882,821448,816457,819007,803762
102,31,1,18,836502,833152,818322,823826,815236,821918,820965,817870,828295,814373,826781,819459,808688,822886,818961,810642,815140,810194,812685,797606
103,0,1,18,842746,839470,824483,830080,821473,828069,827153,824089,834631,820688,833135,825770,814858,829100,825299,816855,821446,816421,819004,803765
104,31,1,18,836393,833103,818332,823683,815202,821773,820777,817771,828201,814576,826733,819436,808536,822734,818909,810548,815037,810198,812652,797450
105,0,1,18,842720,839362,824622,829886,821496,827977,827247,824003,834532,820836,833161,825796,814793,829022,825279,816942,821368,816487,819032,803702
106,31,1,18,836591,833305,818575,823899,815559,822070,821304,818083,828500,814833,827003,819692,808833,823026,819253,810947,815303,810370,812978,797718
107,0,1,18,842901,839544,824641,830188,821628,828270,827482,824158,834685,820959,833362,825975,814981,829317,825739,817098,821596,816569,819244,803919
108,31,1,18,836521,833226,818436,823735,815318,821861,821112,817906,828306,814586,826843,819583,808591,823042,819172,810742,815126,810203,812720,797596
109,0,1,18,842852,839593,824657,830083,821565,828219,827426,824175,834663,820887,833467,825865,814868,829371,825564,817043,821493,816487,819098,803915
110,31,1,18,836716,833327,818573,823998,815504,822080,821267,818063,828500,814700,827139,819710,808770,823247,819295,810906,815249,810337,812957,797786
111,0,1,18,842934,839582,824716,830084,821521,828184,827352,824074,834584,820892,833435,825858,814916,829362,825530,816973,821483,816419,819131,803850
112,31,1,18,836128,832823,818177,823345,814928,821555,820716,817495,827980,814279,826609,819183,808291,822673,818710,810290,814644,809719,812341,797230
113,0,1,18,842656,839351,824528,829891,821372,828065,827257,823995,834485,820786,833309,825604,814813,829123,825336,816842,821293,816277,818964,803674
114,31,1,18,836107,832934,818227,823470,815140,821660,820802,817661,828062,814292,826762,819212,808466,822675,818885,810414,814817,809871,812492,797284
115,0,1,18,842661,839413,824557,829958,821433,828166,827204,824125,834518,820843,833388,825777,814861,829162,825522,816904,821353,816415,819041,803743
116,31,1,18,836267,833096,818241,823670,815183,821805,821036,817753,828132,814480,826931,819312,808635,822728,818986,810585,814931,810018,812667,797452
117,0,1,18,842482,839286,824481,829810,821269,827887,827175,823972,834407,820495,833210,825541,814640,828915,825210,816753,821181,816242,818912,803607
118,31,1,18,836281,833100,818288,823611,815159,821744,821044,817855,828232,814405,826857,819411,808597,822742,819010,810586,814993,810053,812684,797454
119,0,1,18,842406,839268,824358,829695,821247,827918,827164,823885,834375,820564,833175,825509,814513,828935,825295,816726,821164,816243,818901,803699
120,31,1,18,836403,833402,818546,823791,815440,822116,821332,818066,828468,814700,827056,819685,808733,823055,819233,810745,815157,810343,812976,797847
121,0,1,18,842511,839377,824406,829774,821392,828051,827219,824007,834407,820717,833106,825613,814675,829055,825278,816696,821232,816388,819001,803780
122,31,1,18,836174,833180,818303,823540,815185,821764,820964,817757,828197,814426,826670,819413,808581,822790,818931,810518,814899,810112,812700,797546
123,0,1,18,842623,839502,824547,830003,821514,828149,827223,824087,834579,820714,833224,825730,814820,829119,825376,816936,821331,816525,819103,803880
124,31,1,18,836485,833354,818528,823813,815527,821986,821150,817951,828399,814660,826972,819518,808737,822987,819095,810760,815174,810272,812936,797822
125,0,1,18,842576,839430,824449,829778,821424,828002,827149,824007,834449,820671,833230,825608,814760,829196,825232,816752,821404,816368,819039,803897
126,31,1,18,836271,833088,818244,823528,815278,821754,821039,817868,828180,814510,826856,819368,808685,822882,818876,810530,815065,810064,812756,797647
127,0,1,18,842560,839442,824559,829868,821439,828056,827369,824104,834508,820710,833219,825690,814894,829130,825206,816818,821438,816295,819115,803872
128,31,1,18,836074,833167,818313,823573,815185,821715,821065,817838,828184,814448,826800,819426,808533,822912,818830,810478,815008,810158,812746,797635
129,0,1,18,842572,839456,824732,829943,821584,828106,827390,824158,834622,820767,833361,825812,814934,829341,825366,816844,821486,816550,819155,803906
130,31,1,18,836372,833234,818459,823799,815447,821903,821158,818025,828367,814591,826990,819617,808628,823069,819087,810634,815235,810299,812889,797708
131,0,1,18,842465,839271,824416,829799,821336,827867,827153,824009,834320,820560,833132,825595,814572,828985,825237,816645,821259,816274,818933,803616
132,31,1,18,836112,833089,818247,823539,815209,821698,820970,817744,828115,814350,826778,819301,808487,822708,818919,810512,814929,810092,812613,797528
133,0,1,18,842609,839519,824595,830043,821466,828144,827309,824090,834532,820742,833369,825746,814840,829235,825340,816805,821409,816513,819146,803916
134,31,1,18,836544,833339,818503,823927,815551,822065,821175,818016,828414,814487,827039,819546,808762,823011,819107,810690,815211,810430,812987,797837
135,0,1,18,842605,839410,824401,829786,821514,827989,827114,824023,834375,820510,833217,825589,814821,829068,825281,816761,821358,816435,819074,803863
136,31,1,18,836503,833375,818338,823674,815387,821922,821032,817987,828328,814463,826997,819460,808695,822970,819128,810579,815178,810337,812904,797805
137,0,1,18,842728,839566,824524,829914,821463,828092,827271,824043,834563,820660,833313,825659,814775,829202,825337,816753,821464,816538,819130,803946
138,31,1,18,836467,833367,818415,823816,815373,821910,821190,817931,828428,814489,827001,819521,808651,823077,819137,810649,815222,810305,812927,797820
139,0,1,18,842809,839631,824654,830124,821697,828207,827466,824165,834695,820729,833480,825763,814927,829383,825555,816914,821515,816661,819260,804103
140,31,1,18,836326,833338,818344,823767,815376,821958,821064,817907,828300,814486,827030,819437,808620,822938,819051,810547,815162,810245,812836,797793
141,0,1,18,842764,839687,824671,830214,821700,828352,827438,824235,834751,820867,833539,825877,815004,829387,825523,816928,821626,816655,819355,804121
142,31,1,18,836144,832997,818191,823564,815148,821685,820857,817573,828100,814345,826772,819249,808537,822775,818788,810241,814921,810027,812726,797611
143,0,1,18,842446,839289,824358,829908,821346,827901,827122,823839,834405,820549,833192,825551,814698,829039,825131,816617,821386,816304,819065,803851
144,31,1,18,835870,832795,817886,823257,814905,821326,820562,817357,827857,813987,826525,818995,808229,822560,818539,810129,814843,809794,812378,797364
145,0,1,18,842633,839598,824382,830025,821427,828108,827265,824001,834542,820693,833298,825704,814764,829191,825290,816821,821476,816471,819074,804035
146,31,1,18,836400,833465,818392,823858,815379,822008,821177,817974,828370,814613,826868,819634,808689,823090,819156,810647,815226,810290,812908,797977
147,0,1,18,842713,839592,824330,829938,821427,828106,827322,824022,834499,820689,833238,825617,814734,829245,825404,816743,821397,816292,819051,803961
148,31,1,18,836213,833268,818206,823577,815194,821773,820971,817697,828146,814386,826755,819308,808465,822859,818924,810439,814970,810043,812662,797604
149,0,1,18,842605,839532,824402,829790,821393,827982,827200,823891,834431,820656,833189,825594,814770,829145,825353,816662,821323,816392,819019,803868
150,31,1,18,836405,833351,818352,823703,815296,821944,821135,817821,828303,814663,826919,819479,808638,822983,819113,810529,815093,810267,812791,797801
151,0,1,18,842713,839683,824578,830004,821462,828239,827445,824081,834653,820895,833365,825785,814882,829410,825523,816848,821501,816570,819144,804076
152,31,1,18,836504,833568,818498,823826,815367,822092,821281,817971,828428,814699,827025,819685,808735,823072,819268,810640,815284,810310,812980,797872
153,0,1,18,842579,839538,824502,829833,821356,828104,827289,823985,834431,820713,833199,825660,814713,829107,825395,816711,821391,816383,819106,803818
154,31,1,18,836364,833304,818367,823554,815250,821910,821118,817745,828169,814450,826813,819436,808526,822907,819094,810476,815035,810105,812772,797653
155,0,1,18,842714,839548,824622,829839,821504,828127,827339,823982,834504,820680,833298,825765,814741,829264,825540,816781,821447,816464,819203,803922
156,31,1,18,836153,833055,818164,823380,815189,821745,820976,817564,828028,814180,826741,819291,808388,822796,819023,810377,814907,810006,812622,797451
157,0,1,18,842379,839351,824219,829654,821270,827973,827214,823776,834364,820383,833164,825537,814594,829111,825394,816607,821189,816263,818927,803639
158,31,1,18,836072,833003,818111,823352,815022,821624,820874,817536,828022,814062,826623,819169,808299,822776,818871,810232,814771,809769,812561,797382
159,0,1,18,842641,839496,824512,829856,821423,828051,827358,824055,834561,820570,833296,825722,814754,829316,825485,816794,821417,816331,819120,803880
160,31,1,18,836487,833434,818510,823755,815484,822026,821287,818071,828493,814617,827038,819547,808750,823212,819344,810717,815276,810330,812992,797863
161,0,1,18,842529,839456,824307,829781,821438,828003,827284,824040,834508,820492,833124,825613,814685,829194,825482,816673,821336,816303,819071,803809
162,31,1,18,836492,833496,818514,823800,815459,822048,821283,818062,828464,814574,826923,819555,808790,823166,819307,810692,815253,810211,812960,797887
163,0,1,18,842425,839403,824242,829740,821250,827911,827124,823800,834394,820415,832989,825468,814521,829053,825200,816587,821199,816159,818923,803758
164,31,1,18,836305,833340,818270,823679,815291,821862,821130,817802,828304,814472,826843,819404,808627,822987,819114,810513,815114,810172,812818,797697
165,0,1,18,842563,839472,824395,829862,821383,828038,827249,823912,834482,820588,833132,825624,814745,829073,825363,816671,821349,816353,819058,803887
166,31,1,18,836401,833373,818372,823777,815359,822028,821177,817920,828357,814560,826827,819480,808716,822966,819248,810639,815236,810182,812912,797839
167,0,1,18,842733,839666,824553,829943,821531,828232,827364,824198,834595,820748,833303,825811,814961,829210,825509,816905,821532,816469,819217,804017
168,31,1,18,836303,833207,818306,823647,815266,821877,821013,817914,828241,814417,826898,819388,808654,822883,819083,810552,815107,810181,812811,797724
169,0,1,18,842774,839702,824776,830065,821656,828288,827533,824304,834651,820804,833523,825839,814957,829363,825653,816941,821681,816598,819282,804081
170,31,1,18,836117,833119,818213,823503,815191,821792,820946,817736,828042,814294,826819,819234,808484,822814,818949,810361,814872,809996,812612,797519
171,0,1,18,842669,839617,824639,829952,821563,828202,827413,824134,834490,820766,833374,825729,814889,829247,825511,816796,821491,816378,819149,803886
172,31,1,18,836284,833288,818399,823649,815380,821935,821121,817904,828216,814485,826940,819446,808706,822963,819157,810546,815128,810123,812825,797670
173,0,1,18,842385,839380,824337,829748,821473,828046,827177,823944,834349,820560,833107,825601,814667,829094,825321,816629,821312,816274,818993,803727
174,31,1,18,836475,833404,818435,823750,815609,822096,821247,818084,828473,814695,827048,819608,808827,823062,819234,810656,815219,810426,812992,797863
175,0,1,18,842534,839472,824547,829710,821448,828013,827241,824050,834476,820676,833203,825574,814739,829031,825386,816669,821328,816552,819049,803874
176,31,1,18,836266,833276,818514,823579,815330,821951,821183,818018,828320,814629,826870,819467,808732,823022,819246,810511,815148,810326,812854,797721
177,0,1,18,842878,839830,824821,830064,821713,828337,827597,824368,834825,821109,833555,825947,815159,829456,825827,817128,821708,816806,819472,804201
178,31,1,18,836391,833367,818386,823636,815448,821896,821207,818060,828393,814630,827028,819478,808802,823000,819214,810639,815173,810343,813023,797789
179,0,1,18,842636,839549,824551,829829,821489,828144,827289,824184,834595,820789,833306,825730,814805,829138,825486,816827,821500,816404,819251,803982
180,31,1,18,836390,833275,818534,823620,815458,821938,821124,817970,828388,814547,826968,819475,808713,823038,819131,810660,815143,810324,813048,797836
181,0,1,18,842569,839406,824591,829751,821397,828006,827130,824031,834506,820646,833225,825572,814747,829101,825348,816700,821363,816437,819164,803861
182,31,1,18,836374,833317,818509,823667,815376,821894,821136,818043,828362,814573,827043,819469,808739,822958,819223,810604,815234,810332,813026,797801
183,0,1,18,842580,839526,824578,829788,821364,827999,827239,824049,834426,820718,833362,825687,814724,829094,825382,816792,821389,816455,819154,803886
184,31,1,18,836254,833376,818445,823658,815330,821855,821085,817931,828285,814581,826965,819448,808650,822905,819177,810616,815075,810255,812983,797683
185,0,1,18,842446,839507,824508,829760,821325,827956,827158,824030,834449,820640,833149,825657,814685,829014,825330,816612,821221,816389,819190,803781
186,31,1,18,836104,833243,818248,823507,815191,821772,820947,817804,828175,814346,826778,819427,808548,822883,819035,810344,814943,810123,812820,797576
187,0,1,18,842310,839281,824253,829614,821261,827811,826971,823799,834281,820334,832956,825390,814495,828878,825175,816359,821054,816199,819039,803527
188,31,1,18,836082,833103,818240,823462,815252,821731,820940,817821,828108,814329,826785,819301,808478,822786,818987,810321,814943,810155,812836,797569
189,0,1,18,842758,839709,824739,830013,821750,828248,827450,824339,834710,820856,833481,825748,814886,829311,825614,816858,821535,816683,819416,804022
190,31,1,18,836256,833276,818332,823566,815447,821863,821083,817961,828303,814514,826869,819388,808608,822880,819144,810416,814989,810188,812885,797704
191,0,1,18,842397,839411,824396,829732,821474,827915,827113,823972,834387,820536,833159,825497,814794,828942,825376,816538,821106,816341,819029,803746
192,31,1,18,836334,833280,818414,823646,815485,821874,821103,817944,828327,814481,826897,819500,808727,823000,819237,810539,815098,810262,812931,797685
193,0,1,18,842602,839518,824530,829835,821551,828094,827320,824126,834432,820566,833235,825733,814802,829138,825438,816663,821335,816427,819101,803732
194,31,1,18,836249,833201,818277,823589,815306,821751,821003,817829,828194,814366,826822,819410,808612,822834,819009,810400,814933,810147,812767,797474
195,0,1,18,842932,839723,824735,830132,821768,828350,827554,824382,834644,820945,833614,825978,815075,829410,825650,816950,821641,816724,819400,804027
196,31,1,18,836259,833222,818281,823579,815348,821872,821158,817893,828191,814439,826947,819394,808548,822823,819072,810459,815031,810135,812836,797576
197,0,1,18,842538,839401,824428,829754,821404,828011,827255,823975,834442,820512,833272,825584,814738,828919,825281,816620,821305,816338,819059,803717
198,31,1,18,836347,833336,818388,823740,815474,821935,821146,817947,828345,814498,826974,819529,808743,822981,819225,810515,815227,810311,813016,797706
199,0,1,18,842602,839389,824392,829816,821440,828016,827247,824062,834423,820553,833232,825645,814819,829026,825417,816621,821333,816325,819170,803826
200,31,1,18,836350,833162,818317,823627,815294,821919,821147,817833,828272,814494,826944,819521,808658,822841,819090,810484,815029,810190,812971,797618
201,0,1,18,842586,839375,824388,829806,821521,828148,827233,824041,834425,820676,833269,825719,814811,829019,825451,816693,821336,816416,819242,803680
202,31,1,18,836305,833156,818235,823606,815391,821899,821098,817902,828159,814460,826877,819377,808615,822752,819134,810374,814976,810202,812909,797528
203,0,1,18,842735,839411,824422,829876,821458,828088,827367,824189,834544,820724,833292,825732,814887,829143,825421,816698,821433,816409,819226,803781
204,31,1,18,836253,833011,818086,823514,815164,821685,821003,817729,828087,814359,826667,819218,808439,822754,818874,810181,814955,809905,812723,797484
205,0,1,18,842663,839405,824357,829801,821398,827942,827206,823921,834407,820666,833169,825556,814745,829119,825308,816469,821279,816314,818983,803693
206,31,1,18,836489,833325,818357,823758,815487,821962,821172,817911,828383,814511,827031,819531,808747,823067,819163,810581,815183,810345,812871,797739
207,0,1,18,842863,839667,824663,830036,821693,828186,827448,824240,834657,820790,833495,825876,815058,829384,825565,816859,821628,816635,819313,804031
208,31,1,18,836331,833294,818262,823585,815465,821882,821187,818044,828346,814577,826965,819512,808826,822958,819108,810506,815189,810233,812881,797724
209,0,1,18,842820,839731,824689,829970,821797,828325,827555,824330,834730,820888,833533,825910,815089,829333,825598,816944,821724,816680,819391,804096
210,31,1,18,836145,833177,818144,823490,815264,821715,821007,817767,828082,814368,826744,819317,808685,822709,818969,810394,815079,810051,812713,797546
211,0,1,18,842670,839561,824612,829848,821551,828114,827384,824129,834535,820779,833362,825754,814979,829150,825459,816763,821504,816508,819202,803957
212,31,1,18,836385,833296,818391,823558,815435,821908,821239,818020,828393,814609,826933,819462,808888,822989,819205,810632,815259,810285,812864,797709
213,0,1,18,842572,839487,824449,829785,821467,828037,827260,824043,834537,820793,833217,825581,814923,829148,825500,816785,821368,816415,819104,803755
214,31,1,18,836269,833198,818247,823542,815303,821844,821125,817847,828189,814493,826842,819349,808723,822853,819109,810429,815033,810088,812745,797570
215,0,1,18,842689,839584,824543,829962,821538,828210,827446,824253,834569,820763,833332,825718,815030,829249,825555,816777,821469,816517,819149,803833
216,31,1,18,836162,833054,818118,823415,815123,821704,820913,817752,828058,814370,826680,819214,808533,822707,818870,810252,814900,809922,812595,797406
217,0,1,18,842647,839498,824489,829854,821545,828028,827274,824096,834538,820803,833283,825720,814859,829174,825341,816661,821344,816318,819092,803838
218,31,1,18,836374,833244,818366,823551,815329,821776,821112,817957,828256,814563,826825,819400,808752,822920,819000,810352,815034,810070,812814,797609
219,0,1,18,842585,839430,824454,829751,821452,827955,827248,824120,834462,820732,833180,825643,814803,829085,825241,816630,821285,816316,819072,803851
220,31,1,18,836275,833171,818289,823519,815313,821725,821039,817939,828215,814518,826809,819364,808734,822830,818950,810402,814953,810152,812793,797648
221,0,1,18,842828,839686,824713,829970,821780,828250,827474,824384,834718,820989,833476,825923,815137,829379,825602,816916,821587,816609,819401,804063
222,31,1,18,836162,833004,818266,823350,815265,821679,820951,817839,828113,814411,826642,819310,808545,822651,818809,810278,814814,809966,812708,797439
223,0,1,18,842730,839576,824598,829805,821561,828224,827358,824285,834655,820917,833317,825805,815009,829140,825449,816723,821416,816486,819225,803945
224,31,1,18,836149,832936,818056,823222,815131,821680,820819,817726,827992,814352,826592,819187,808454,822577,818811,810239,814773,809865,812601,797408
225,0,1,18,842565,839397,824390,829663,821438,828047,827183,824112,834349,820784,833198,825636,814708,829000,825335,816626,821280,816276,819067,803684
226,31,1,18,836682,833643,818661,823860,815666,822276,821557,818435,828578,814952,827263,819854,808985,823292,819473,810898,815341,810528,813258,797943
227,0,1,18,842684,839524,824401,829709,821508,828154,827362,824219,834420,820733,833257,825705,814793,829204,825436,816782,821310,816410,819204,803775
228,31,1,18,836521,833381,818403,823637,815504,822051,821304,818185,828323,814737,827064,819549,808815,823154,819287,810588,815176,810288,813014,797790
229,0,1,18,842693,839504,824398,829764,821450,828042,827372,824158,834468,820769,833367,825677,814820,829285,825472,816732,821352,816456,819209,803846
230,31,1,18,836380,833321,818252,823704,815390,821954,821251,818043,828349,814624,827044,819520,808802,823154,819195,810652,815195,810266,813007,797773
231,0,1,18,842627,839365,824384,829817,821343,828026,827216,824106,834420,820785,833121,825645,814762,829195,825312,816677,821340,816282,819077,803829
232,31,1,18,836437,833214,818303,823704,815433,821899,821121,818073,828287,814664,826826,819469,808756,822988,819058,810542,815132,810145,812831,797805
233,0,1,18,842640,839408,824392,829872,821587,827927,827379,824157,834381,820844,833207,825666,814798,829116,825382,816763,821365,816390,819129,804000
234,31,1,18,836361,833221,818344,823711,815425,821772,821216,818016,828339,814678,826883,819504,808669,822876,819151,810551,815078,810238,812881,797838
235,0,1,18,842672,839445,824473,830085,821582,827979,827345,824227,834546,820923,833212,825848,815013,829189,825481,816837,821487,816483,819266,804089
236,31,1,18,836265,833082,818149,823664,815264,821689,821078,817946,828203,814556,826729,819428,808667,822869,819027,810469,815047,810095,812808,797769
237,0,1,18,842583,839412,824437,829861,821496,827829,827219,824062,834400,820750,833164,825639,814766,829089,825330,816678,821307,816357,819115,803847
238,31,1,18,836216,833020,818136,823482,815241,821548,820915,817751,828043,814385,826604,819326,808465,822771,818935,810355,814881,809974,812699,797520
239,0,1,18,842686,839493,824470,829887,821548,827962,827260,824180,834485,820669,833193,825835,814868,829139,825381,816819,821407,816394,819206,803953
240,31,1,18,836445,833229,818289,823649,815342,821740,821104,817980,828239,814629,826800,819595,808760,822919,819033,810580,815090,810162,812857,797773
241,0,1,18,842469,839280,824278,829670,821312,827748,827040,823934,834291,820623,832918,825575,814610,828994,825095,816551,821099,816169,818901,803711
242,31,1,18,836268,833059,818153,823483,815208,821608,821018,817881,828135,814430,826659,819390,808560,822842,818873,810447,814981,809963,812753,797673
243,0,1,18,842666,839444,824443,829830,821503,827986,827335,824155,834557,820782,833141,825830,814916,829242,825328,816807,821416,816422,819143,804059
244,31,1,18,836371,833161,818293,823687,815358,821766,821095,817978,828342,814708,826741,819598,808760,823035,819036,810571,815090,810121,812919,797811
245,0,1,18,842660,839428,824525,830020,821523,828025,827286,824229,834563,820884,833115,825825,814867,829261,825400,816748,821451,816421,819235,804000
246,31,1,18,836168,833054,818194,823678,815197,821711,820984,817928,828113,814424,826674,819352,808559,822910,818847,810326,814884,810025,812802,797644
247,0,1,18,842749,839513,824482,830079,821596,828113,827481,824349,834542,820875,833295,825836,814921,829329,825428,816770,821432,816415,819250,804065
248,31,1,18,836373,833228,818395,823731,815371,821821,821216,818093,828251,814585,826844,819566,808739,822959,819073,810487,815079,810075,812906,797873
249,0,1,18,842670,839465,824674,829987,821596,828070,827409,824264,834569,820831,833253,825856,814903,829263,825337,816709,821380,816368,819259,803983
250,31,1,18,836201,832982,818085,823531,815195,821572,820918,817788,828050,814313,826590,819386,808548,822720,818898,810277,814777,809797,812685,797589
251,0,1,18,842689,839475,824419,829943,821560,828003,827346,824204,834501,820735,833283,825768,814848,829196,825506,816822,821301,816338,819216,804037
252,31,1,18,836167,832939,818084,823505,815195,821617,820967,817820,828071,814381,826646,819279,808505,822778,818903,810417,814803,810042,812762,797622
253,0,1,18,842458,839352,824352,829937,821453,827880,827350,824188,834484,820725,833239,825678,814804,829185,825362,816860,821273,816363,819172,803931
254,31,1,18,836096,833040,818134,823523,815136,821575,820963,817819,828102,814395,826746,819351,808452,822843,818881,810498,814911,810093,812745,797676
255,0,1,18,842346,839283,824248,829802,821341,827866,827262,823947,834347,820675,833169,825597,814651,829167,825264,816673,821234,816392,819076,803912
256,31,1,18,835998,832924,818008,823488,815130,821520,820992,817707,828046,814361,826656,819216,808488,822832,818774,810367,814863,810052,812694,797611
257,0,1,18,842687,839569,824571,830095,821586,828122,827551,824298,834628,820898,833276,825806,814981,829431,825411,816963,821503,816606,819344,804147
258,31,1,18,836026,832899,818018,823400,815152,821471,820866,817725,827893,814206,826478,819200,808377,822778,818747,810345,814784,809920,812659,797540
259,0,1,18,842597,839359,824481,829918,821620,827933,827334,824201,834537,820741,833208,825768,814842,829185,825321,816835,821423,816455,819252,804079
260,31,1,18,836320,833155,818248,823710,815455,821769,821129,817993,828225,814507,826864,819421,808593,822801,819055,810472,815067,810144,812923,797888
261,0,1,18,842604,839356,824330,830007,821594,828037,827368,824207,834503,820692,833189,825684,814719,829161,825447,816808,821363,816493,819255,804023
262,31,1,18,836360,833174,818215,823673,815332,821816,821141,817980,828232,814505,826798,819432,808649,822983,818998,810516,815030,810224,812986,797805
263,0,1,18,842580,839290,824343,829832,821367,827948,827334,824099,834367,820622,833188,825581,814793,829088,825258,816641,821255,816299,819076,803916
264,31,1,18,836445,833239,818448,823824,815443,821969,821212,818067,828285,814564,827006,819486,808684,823036,819036,810645,815060,810262,813011,797933
265,0,1,18,842817,839570,824564,830084,821648,828270,827431,824356,834664,820891,833429,825877,814957,829319,825479,816972,821485,816627,819281,804166
266,31,1,18,836294,832970,818055,823522,815111,821732,820971,817923,828193,814423,826734,819359,808528,822759,818793,810414,814880,810113,812770,797663
267,0,1,18,842702,839423,824399,829950,821454,828105,827254,824228,834626,820748,833250,825721,814863,829203,825334,816821,821338,816460,819153,804010
268,31,1,18,836497,833284,818389,823850,815463,822016,821266,818214,828507,814599,826968,819585,808726,823032,819202,810765,815166,810292,812934,797936
269,0,1,18,842665,839396,824471,829951,821422,828009,827247,824229,834563,820636,833241,825660,814842,829120,825264,816808,821305,816297,819112,803937
270,31,1,18,836266,833023,818210,823598,815273,821701,821019,817863,828187,814328,826755,819379,808535,822840,818934,810396,814897,810051,812707,797618
271,0,1,18,842756,839476,824556,829914,821523,828126,827357,824272,834604,820735,833340,825840,814935,829338,825441,816911,821327,816452,819190,804056
272,31,1,18,836450,833297,818364,823629,815316,821848,821046,818078,828272,814625,826886,819566,808704,823020,818974,810616,815004,810102,812884,797821
273,0,1,18,842646,839410,824260,829758,821214,827904,827266,824037,834370,820717,833066,825616,814621,829057,825163,816747,821160,816231,819003,803858
274,31,1,18,836303,833067,818110,823495,815222,821762,821036,817906,828128,814517,826782,819353,808565,822907,818915,810460,814847,810082,812713,797645
275,0,1,18,842871,839599,824684,829980,821581,828172,827520,824294,834587,820863,833333,825821,814938,829353,825490,816992,821432,816615,819224,804077
276,31,1,18,836073,832916,818013,823350,815021,821541,820865,817678,827912,814268,826462,819234,808400,822696,818682,810320,814670,809879,812576,797512
277,0,1,18,842942,839738,824665,830095,821648,828144,827562,824416,834699,820935,833360,825894,814983,829427,825565,817075,821493,816620,819320,804146
278,31,1,18,836418,833229,818398,823550,815354,821709,821067,817999,828213,814445,826761,819407,808676,822878,819047,810532,814979,810173,812794,797791
279,0,1,18,842797,839610,824695,829894,821709,828128,827455,824370,834641,820930,833261,825902,814897,829339,825627,817001,821401,816508,819314,804083
280,31,1,18,836356,833215,818354,823574,815388,821788,821083,818052,828270,814572,826692,819461,808672,822878,819065,810565,814952,810111,812864,797686
281,0,1,18,842835,839538,824455,829901,821622,828087,827440,824198,834543,820838,833197,825712,814949,829215,825490,816933,821302,816454,819226,804053
282,31,1,18,836405,833255,818267,823690,815362,821822,821148,817979,828256,814604,826773,819444,808639,822912,819049,810717,814990,810219,812860,797867
283,0,1,18,842727,839620,824546,829995,821657,828187,827375,824219,834520,820833,833272,825782,814874,829224,825562,816986,821356,816502,819271,804153
284,31,1,18,836423,833329,818462,823749,815451,821890,821108,818022,828326,814691,826906,819567,808709,822985,819188,810677,815107,810217,813015,797894
285,0,1,18,842476,839313,824412,829716,821438,827969,827139,824014,834414,820671,833103,825647,814715,829036,825241,816747,821125,816225,819143,803863
286,31,1,18,836339,833147,818288,823649,815439,821877,821207,818018,828342,814603,826810,819465,808724,822961,819128,810662,814950,810190,812953,797814
287,0,1,18,842441,839134,824132,829661,821300,827817,827123,823928,834267,820402,832994,825506,814571,828988,825240,816636,821003,816231,818969,803722
288,31,1,18,836282,833095,818114,823571,815324,821790,821079,817970,828165,814431,826770,819417,808596,822868,819112,810573,814929,810132,812827,797655
289,0,1,18,842685,839388,824311,829874,821482,828113,827383,824167,834451,820840,833281,825714,814849,829159,825465,816812,821374,816277,819212,803858
290,31,1,18,836380,833229,818223,823644,815268,821926,821187,817945,828278,814562,826903,819570,808718,822924,819142,810580,815080,810104,813002,797753
291,0,1,18,842628,839390,824390,829797,821461,828009,827217,824116,834378,820709,833192,825699,814825,829163,825399,816768,821251,816305,819181,803843
292,31,1,18,836295,833091,818178,823542,815238,821790,821072,817873,828117,814483,826750,819416,808510,822906,819038,810549,814951,810155,812844,797701
293,0,1,18,842506,839262,824348,829815,821323,827979,827204,824033,834356,820653,833071,825652,814754,829158,825302,816860,821229,816348,819087,803835
294,31,1,18,836394,833197,818402,823757,815355,821808,821241,818042,828286,814680,826858,819527,808803,823123,819190,810695,815035,810271,812979,797779
295,0,1,18,842489,839293,824408,829770,821325,827888,827246,824083,834372,820777,833104,825587,814809,829222,825302,816753,821199,816238,819151,803803
296,31,1,18,836325,833151,818341,823565,815307,821799,821121,817939,828213,814655,826868,819389,808568,822964,819037,810633,814921,810112,812888,797708
297,0,1,18,842841,839579,824649,829976,821578,828147,827441,824321,834695,821055,833353,825751,814987,829412,825494,816990,821415,816622,819338,804021
298,31,1,18,836323,833156,818372,823591,815325,821805,821069,817946,828317,814585,826782,819407,808749,823020,818998,810530,814899,810159,812904,797723
299,0,1,18,842766,839538,824576,829921,821671,828147,827494,824319,834608,820929,833343,825750,815003,829328,825472,816939,821420,816536,819243,804059
300,31,1,18,836364,833114,818272,823603,815324,821799,821174,818039,828259,814645,826761,819453,808645,823059,819154,810559,815020,810223,812892,797734
301,0,1,18,842718,839427,824437,829938,821532,828066,827348,824255,834482,820856,833260,825738,814876,829279,825496,816922,821324,816387,819213,804000
302,31,1,18,836456,833279,818400,823787,815481,821925,821304,818175,828258,814756,827064,819529,808759,823148,819239,810745,815138,810236,812963,797836
303,0,1,18,842777,839627,824663,830072,821700,828192,827584,824506,834678,820977,833484,825926,814971,829428,825647,817030,821562,816589,819373,804090
304,31,1,18,836154,833157,818183,823554,815240,821699,821062,817955,828102,814490,826790,819382,808577,822838,819055,810557,814911,810040,812798,797659
305,0,1,18,842667,839532,824455,829997,821525,828089,827301,824360,834499,820885,833312,825863,814878,829310,825512,816956,821355,816523,819280,804058
306,31,1,18,836206,832988,818169,823564,815283,821668,820933,817977,828048,814448,826686,819307,808540,822785,818992,810487,814863,810014,812808,797652
307,0,1,18,842531,839235,824332,829830,821410,827842,827126,824103,834270,820732,833134,825513,814738,829108,825323,816719,821157,816178,819108,803817
308,31,1,18,836707,833445,818681,824063,815818,822121,821447,818437,828509,815011,827261,819860,809127,823332,819585,810971,815340,810454,813265,798125
309,0,1,18,842730,839427,824537,829989,821689,828092,827401,824308,834540,821015,833313,825872,815037,829182,825653,816933,821436,816452,819310,804095
310,31,1,18,836244,832961,818224,823522,815301,821722,821135,817898,828085,814585,826689,819430,808591,822795,819093,810571,814884,809944,812817,797679
311,0,1,18,842678,839360,824557,829871,821568,828096,827433,824240,834435,820822,833211,825762,814963,829200,825558,816899,821396,816372,819280,804015
312,31,1,18,836216,833032,818223,823613,815328,821766,821116,817987,828135,814560,826723,819449,808736,822911,819215,810522,814926,809990,812902,797754
313,0,1,18,842572,839357,824471,829890,821430,827965,827327,824180,834468,820883,833100,825657,814871,829168,825579,816765,821266,816182,819176,803909
314,31,1,18,836391,833212,818396,823751,815382,821884,821314,818128,828366,814779,826813,819511,808875,823105,819358,810706,815074,810125,812955,797894
315,0,1,18,842699,839400,824551,829930,821586,828066,827388,824236,834566,820993,833207,825765,814926,829288,825622,816956,821337,816381,819277,804071
316,31,1,18,836150,832966,818186,823505,815200,821680,821061,817821,828130,814559,826635,819334,808654,822767,819051,810428,814862,810030,812787,797677
317,0,1,18,842587,839474,824614,830033,821638,828128,827441,824230,834564,820889,833207,825826,814954,829278,825624,816933,821432,816520,819317,804062
318,31,1,18,836180,833093,818268,823667,815396,821769,821130,817950,828307,814563,826822,819439,808699,822903,819201,810583,814991,810181,812942,797802
319,0,1,18,842499,839301,824400,829843,821499,828033,827307,824092,834510,820734,833208,825589,814784,829093,825445,816850,821351,816394,819186,803886
320,31,1,18,836356,833228,818378,823721,815436,821909,821264,818020,828357,814667,826897,819513,808765,822966,819155,810647,815136,810293,812960,797957
321,0,1,18,842550,839402,824504,829881,821554,828048,827440,824170,834422,820708,833181,825634,814859,829186,825444,816854,821350,816415,819190,804050
322,31,1,18,836285,833145,818403,823723,815458,821851,821263,818031,828245,814625,826846,819481,808837,823004,819145,810700,815093,810206,812916,797851
323,0,1,18,842409,839269,824400,829847,821486,827822,827312,824111,834296,820724,833081,825580,814744,829131,825375,816770,821275,816161,819004,803922
324,31,1,18,836369,833204,818499,823731,815361,821780,821283,818097,828293,814668,826944,819477,808809,823057,819159,810810,815101,810258,812906,797916
325,0,1,18,842612,839391,824520,829850,821515,827917,827400,824316,834477,820790,833251,825603,814816,829220,825459,816957,821334,816478,819136,804032
326,31,1,18,836320,833144,818382,823624,815373,821757,821314,818065,828176,814596,826849,819361,808641,822989,819126,810651,814972,810231,812778,797822
327,0,1,18,842543,839461,824728,829899,821550,827992,827406,824208,834449,820803,833229,825680,814840,829350,825518,816857,821361,816487,819121,804040
328,31,1,18,836153,833011,818319,823577,815165,821619,821055,817832,828133,814374,826661,819228,808581,822913,819116,810472,814858,809992,812751,797685
329,0,1,18,842501,839170,824333,829767,821276,827784,827097,824025,834325,820560,833007,825428,814596,829166,825316,816649,821144,816282,819036,803810
330,31,1,18,836417,833178,818353,823715,815392,821804,821255,818111,828384,814621,826918,819472,808711,823176,819245,810632,815155,810313,812956,797808
331,0,1,18,842510,839292,824342,829764,821375,827904,827310,824110,834489,820668,833126,825539,814799,829162,825367,816798,821343,816314,819009,803800
332,31,1,18,836371,833258,818470,823707,815456,821952,821263,818128,828424,814686,826977,819479,808892,823107,819218,810813,815210,810338,812925,797865
333,0,1,18,842603,839462,824576,829873,821542,828057,827430,824255,834598,820838,833317,825685,814932,829264,825629,817030,821423,816525,819165,803965
334,31,1,18,836231,833202,818336,823601,815330,821782,821226,818019,828314,814664,826796,819417,808702,822942,819300,810685,815097,810256,812856,797766
335,0,1,18,842485,839302,824352,829713,821323,827852,827308,824110,834368,820717,833093,825496,814772,829092,825511,816701,821316,816405,818974,803877
336,31,1,18,836130,833030,818174,823508,815222,821552,821087,817926,828065,814580,826748,819166,808608,822778,819159,810489,815034,810153,812763,797622
337,0,1,18,842658,839300,824372,829919,821399,827869,827327,824250,834367,820838,833199,825527,814957,829101,825492,816755,821416,816510,819088,803934
338,31,1,18,836400,833073,818308,823668,815312,821748,821127,818043,828215,814637,826820,819411,808770,822901,819193,810550,815099,810207,812754,797813
339,0,1,18,842449,839109,824262,829722,821230,827799,827179,823958,834227,820598,832953,825449,814766,828891,825287,816575,821188,816267,818780,803809
340,31,1,18,836255,833037,818167,823627,815261,821696,821139,817883,828148,814549,826739,819324,808592,822729,819170,810457,815130,810222,812701,797734
341,0,1,18,842860,839652,824781,830183,821720,828168,827627,824438,834742,821056,833475,825938,815124,829265,825812,817016,821658,816765,819350,804171
342,31,1,18,836132,833004,818210,823552,815161,821658,821032,817799,828141,814418,826805,819294,808529,822703,819089,810426,814920,810128,812657,797559
343,0,1,18,842445,839313,824465,829890,821353,827935,827301,824113,834464,820745,833310,825646,814850,829015,825542,816780,821389,816460,819030,803927
344,31,1,18,836249,833171,818308,823716,815276,821717,821220,817963,828194,814659,826940,819385,808599,822780,819283,810536,815071,810243,812729,797675
345,0,1,18,842289,839265,824328,829672,821344,827719,827149,823923,834307,820586,833189,825491,814616,828941,825492,816609,821246,816269,818870,803754
346,31,1,18,836156,833143,818204,823652,815324,821696,821166,817955,828142,814534,826921,819330,808606,822737,819362,810532,815057,810137,812695,797755
347,0,1,18,842618,839564,824487,830020,821661,828076,827511,824233,834462,820933,833387,825786,814879,829134,825773,816871,821467,816505,819190,804136
348,31,1,18,836351,833413,818387,823867,815538,821950,821404,818098,828280,814786,827003,819531,808730,823049,819572,810742,815196,810393,812902,797943
349,0,1,18,842410,839443,824471,830029,821505,827964,827426,824099,834300,820763,833125,825586,814773,829127,825686,816782,821295,816514,818965,803953
350,31,1,18,835789,832949,817971,823469,815056,821510,820934,817706,827818,814364,826493,819130,808351,822498,819046,810309,814803,810035,812400,797478
351,0,1,18,842315,839367,824322,829915,821409,827856,827307,824046,834260,820827,833175,825537,814681,829018,825502,816627,821246,816418,818917,803824
352,31,1,18,835831,832894,817893,823415,815010,821401,820870,817567,827735,814345,826535,819123,808399,822439,818993,810180,814743,809868,812364,797463
353,0,1,18,842354,839323,824215,829814,821341,827747,827297,824004,834217,820665,833138,825488,814581,828885,825550,816589,821192,816372,818894,803831
354,31,1,18,836081,833078,818097,823619,815166,821569,821038,817783,828034,814524,826681,819277,808527,822557,819132,810348,814858,810129,812566,797646
355,0,1,18,842554,839553,824434,830062,821590,828081,827485,824140,834541,820961,833351,825670,814791,829057,825749,816805,821440,816560,819152,804080
356,31,1,18,836018,833044,818136,823634,815219,821654,821053,817770,828053,814603,826779,819198,808426,822563,819139,810383,814863,810091,812642,797622
357,0,1,18,842308,839274,824283,829831,821257,827749,827215,823904,834181,820654,833127,825464,814528,828888,825485,816590,821099,816324,818837,803780
358,31,1,18,836218,833099,818214,823744,815304,821585,821072,817878,828040,814663,826916,819388,808446,822852,819280,810538,814961,810124,812667,797690
359,0,1,18,842504,839359,824497,830003,821366,827935,827346,824075,834339,820785,833235,825658,814628,829070,825671,816796,821191,816389,818968,803836
360,31,1,18,836064,832953,818129,823570,815094,821552,820922,817762,828065,814395,826624,819208,808418,822668,819144,810449,814802,809986,812516,797492
361,0,1,18,842493,839309,824286,829879,821294,827808,827279,824074,834309,820621,833125,825548,814666,829020,825527,816783,821125,816306,818891,803740
362,31,1,18,836426,833260,818297,823834,815309,821799,821268,817987,828267,814582,826836,819460,808743,822910,819372,810674,815037,810275,812755,797714
363,0,1,18,842540,839323,824302,829802,821293,827854,827277,823965,834332,820617,833098,825571,814598,828962,825409,816748,821130,816291,818880,803776
364,31,1,18,836375,833285,818283,823746,815292,821793,821137,817943,828208,814517,826787,819453,808656,822835,819298,810567,815054,810163,812709,797776
365,0,1,18,842734,839607,824629,830025,821535,828129,827491,824250,834522,820883,833326,825768,814843,829197,825638,816733,821379,816491,819059,803942
366,31,1,18,836211,833057,818163,823547,815173,821643,821128,817791,828111,814480,826786,819337,808455,822667,819157,810362,814793,809975,812526,797539
367,0,1,18,842500,839311,824366,829799,821257,827834,827274,823907,834232,820606,833010,825586,814560,828914,825460,816601,821072,816219,818837,803670
368,31,1,18,836395,833231,818442,823749,815369,821791,821224,817958,828182,814558,826823,819503,808620,822873,819397,810628,815007,810274,812720,797718
369,0,1,18,842584,839422,824438,829884,821510,827951,827377,824059,834416,820747,833099,825636,814636,829078,825649,816742,821228,816461,818917,803822
370,31,1,18,836350,833247,818353,823703,815397,821876,821243,817933,828319,814585,826814,819543,808671,822945,819409,810602,815095,810329,812795,797805
371,0,1,18,842872,839634,824686,830044,821727,828206,827683,824243,834681,821016,833318,825853,815021,829222,825786,816959,821466,816587,819198,804105
372,31,1,18,836310,833108,818282,823517,815409,821909,821150,817940,828199,814553,826881,819252,808576,822780,819013,810505,814874,810164,812600,797738
373,0,1,18,842849,839492,824653,829993,821693,828294,827477,824252,834701,820935,833473,825770,814952,829266,825563,816909,821384,816645,819100,804065
374,31,1,18,836063,832868,818105,823258,815086,821662,820938,817683,828075,814418,826612,819037,808344,822592,818819,810339,814662,809894,812433,797429
375,0,1,18,842739,839514,824587,829894,821650,828127,827458,824220,834620,820873,833394,825633,814878,829145,825587,816921,821307,816529,819051,803931
376,31,1,18,836000,832863,818072,823092,814907,821499,820807,817707,827863,814332,826449,818938,808325,822523,818763,810165,814675,809788,812334,797428
377,0,1,18,842671,839506,824484,829703,821376,828064,827486,824283,834508,820895,833215,825554,814882,829211,825593,816696,821300,816436,819052,803942
378,31,1,18,836108,833024,818112,823218,815117,821709,821031,817693,827923,814332,826618,819153,808498,822638,818937,810212,814634,809951,812528,797415
379,0,1,18,842797,839640,824683,829882,821553,828249,827599,824290,834594,820928,833452,825823,815069,829308,825664,816815,821332,816639,819271,804004
380,31,1,18,836160,832936,818212,823276,815290,821701,820940,817734,828034,814403,826650,819265,808513,822615,818979,810202,814567,809935,812569,797630
381,0,1,18,842915,839700,824868,830068,821790,828356,827613,824491,834758,821155,833559,825943,815248,829355,825869,816893,821346,816697,819422,804250
382,31,1,18,835816,832721,817928,822944,814861,821390,820719,817509,827704,814157,826416,818901,808107,822241,818507,810020,814420,809736,812374,797355
383,0,1,18,842753,839522,824657,829723,821539,828194,827478,824290,834613,820990,833425,825843,814904,829040,825507,816931,821392,816544,819243,804112
384,31,1,18,836127,833006,818270,823416,815214,821793,821076,817778,828063,814537,826701,819211,808510,822550,818841,810186,814761,809933,812685,797633
385,0,1,18,842791,839602,824823,829904,821674,828193,827559,824347,834698,820992,833420,825853,814980,829035,825533,816771,821309,816473,819269,804178
386,31,1,18,836282,833217,818358,823585,815336,821849,821210,817909,828279,814542,826916,819419,808713,822855,819024,810503,814897,810147,812838,797881
387,0,1,18,842591,839406,824516,829722,821313,827907,827328,824016,834513,820688,833085,825574,814786,829073,825320,816636,821078,816338,819022,803884
388,31,1,18,836120,832730,818073,823168,815163,821511,820870,817660,827798,814290,826581,819024,808304,822365,818803,810144,814534,809734,812423,797324
389,0,1,18,842582,839311,824661,829794,821629,828088,827399,824211,834460,820843,833221,825665,814816,828997,825533,816787,821206,816468,819160,803819
390,31,1,18,836045,832840,818104,823273,815104,821614,820853,817566,827951,814422,826511,819030,808153,822571,818708,810163,814598,809790,812467,797442
391,0,1,18,842800,839441,824750,830023,821743,828235,827577,824296,834597,821110,833425,825751,814841,829292,825556,816770,821303,816448,819238,804207
392,31,1,18,835986,832738,818165,823204,815054,821717,820904,817665,827843,814289,826443,819020,808236,822524,818719,810141,814616,809746,812598,797483
393,0,1,18,842852,839493,824772,830005,821727,828317,827620,824344,834578,821022,833336,825824,814760,829261,825536,816844,821456,816444,819340,804167
394,31,1,18,836085,832923,818259,823419,815320,821717,821060,817752,828157,814631,826739,819243,808512,822557,818942,810213,814748,810050,812679,797786
395,0,1,18,842565,839323,824606,829859,821485,828011,827365,824220,834518,820910,833287,825673,814874,829083,825424,816605,821164,816423,819128,804106
396,31,1,18,836106,832887,818248,823355,815268,821752,820963,817772,828074,814457,826686,819218,808522,822651,818911,810371,814654,810022,812695,797638
397,0,1,18,842658,839393,824667,829882,821719,828280,827420,824283,834620,820947,833432,825713,815002,829182,825556,816887,821232,816438,819305,804032
398,31,1,18,836017,832848,818086,823308,815190,821601,820815,817692,827928,814208,826498,818833,808373,822537,818680,810078,814663,809822,812533,797497
399,0,1,18,842934,839624,824775,830234,821864,828304,827566,824489,834807,821001,833427,825717,815128,829384,825654,816880,821587,816637,819458,804221
400,31,1,18,836116,832803,818038,823299,815168,821573,820931,817699,827938,814154,826546,818999,808446,822541,818708,810128,814766,809880,812484,797398
401,0,1,18,842677,839274,824458,829841,821568,828032,827425,824197,834503,820665,833244,825585,814910,829107,825339,816682,821282,816395,819170,803773
402,31,1,18,836016,832743,818127,823252,815198,821692,820807,817774,827997,814371,826659,819141,808400,822602,818733,810183,814734,810022,812612,797387
403,0,1,18,842659,839460,824637,829990,821766,828233,827547,824330,834712,820953,833566,825746,814970,829311,825621,816914,821490,816688,819353,803983
404,31,1,18,836179,832902,818206,823423,815174,821702,820976,817737,828161,814389,826701,819055,808468,822554,818900,810218,814789,809884,812617,797577
405,0,1,18,842784,839529,824785,829905,821704,828222,827635,824352,834737,820897,833476,825604,814958,829236,825565,816822,821484,816577,819311,804140
406,31,1,18,836293,833111,818364,823453,815355,821861,821177,817938,828278,814453,826858,819280,808617,822707,819018,810487,814952,809942,812825,797656
407,0,1,18,842616,839419,824578,829775,821533,828004,827385,824201,834536,820760,833268,825565,814858,829088,825382,816699,821279,816172,819125,803878
408,31,1,18,836286,833098,818436,823436,815335,821845,821153,818022,828203,814459,826743,819250,808544,822658,819003,810424,815044,809975,812738,797602
409,0,1,18,842803,839499,824744,829910,821730,828221,827537,824425,834760,820904,833285,825683,815026,829154,825599,816812,821436,816439,819354,804088
410,31,1,18,835944,832838,817979,823124,815111,821460,820858,817671,827844,814154,826468,818979,808240,822480,818690,810070,814701,809627,812487,797376
411,0,1,18,842805,839618,824685,829962,821773,828214,827657,824363,834705,820905,833391,825730,815055,829287,825607,816876,821525,816449,819350,804127
412,31,1,18,836383,833130,818317,823463,815410,821881,821144,818015,828233,814713,826943,819317,808685,822767,818943,810402,815128,810101,812782,797823
413,0,1,18,842659,839399,824447,829815,821498,827970,827334,824174,834478,820856,833193,825500,814754,828983,825187,816656,821388,816291,819050,803797
414,31,1,18,836098,832946,818053,823313,815131,821679,820989,817614,827922,814457,826602,819000,808237,822552,818701,810084,814824,809689,812526,797381
415,0,1,18,842911,839551,824678,830018,821720,828377,827619,824328,834654,821052,833388,825682,814882,829248,825510,816710,821553,816403,819258,804127
416,31,1,18,836138,832831,818198,823467,815236,821759,821006,817796,828064,814438,826683,819080,808448,822599,818716,810208,815069,809831,812615,797641
417,0,1,18,843105,839691,824945,830246,821891,828448,827796,824517,834847,821170,833708,825950,815239,829362,825603,816924,821812,816583,819468,804411
418,31,1,18,836476,833181,818530,823596,815628,821983,821287,818053,828277,814654,826982,819244,808758,822790,819035,810476,815266,810267,812771,797946
419,0,1,18,842711,839364,824583,829759,821709,828078,827295,824180,834461,820850,833316,825491,815022,829001,825318,816715,821545,816435,819063,804027
420,31,1,18,836264,832942,818438,823561,815326,821842,821092,817914,828149,814488,826894,819217,808594,822705,818906,810255,815173,809994,812727,797669
421,0,1,18,842797,839540,824883,830128,821877,828381,827678,824407,834838,821093,833640,825832,815210,829350,825644,816844,821767,816713,819357,804227
422,31,1,18,835941,832815,818057,823377,815204,821659,820872,817734,827916,814353,826658,819118,808385,822398,818694,810119,814878,809847,812412,797695
423,0,1,18,842720,839505,824669,829921,821722,828236,827399,824271,834599,821094,833505,825800,814862,829067,825453,816765,821621,816415,819122,804259
424,31,1,18,835993,832841,818145,823403,815252,821694,820965,817599,827946,814487,826588,819088,808463,822475,818851,810125,814865,809782,812565,797628
425,0,1,18,842792,839606,824888,830149,821929,828370,827566,824273,834747,821162,833430,825877,815146,829343,825792,816835,821711,816542,819329,804296
426,31,1,18,836053,832943,818260,823500,815416,821765,820978,817844,827992,814457,826700,819158,808455,822598,818873,810206,814927,809931,812592,797680
427,0,1,18,842480,839168,824543,829820,821578,827960,827136,824006,834294,820639,833022,825467,814726,828947,825270,816446,821278,816188,818967,803847
428,31,1,18,835698,832585,817840,822959,814970,821426,820669,817573,827799,814048,826288,818850,808234,822412,818627,809891,814514,809634,812216,797301
429,0,1,18,842949,839626,824785,830056,821819,828422,827640,824566,834824,821046,833536,825896,815145,829490,825854,816937,821682,816635,819351,804269
430,31,1,18,836152,832791,818104,823259,815253,821601,821083,817796,827895,814366,826559,819156,808521,822694,818803,810242,814879,809823,812527,797701
431,0,1,18,842664,839294,824590,829751,821681,828097,827484,824290,834472,820831,833230,825725,814920,829245,825472,816743,821528,816332,819070,804150
432,31,1,18,835978,832753,818210,823315,815258,821748,820977,817741,827979,814421,826554,819133,808421,822556,818867,810216,814853,809772,812567,797548
433,0,1,18,842935,839648,824959,830209,822015,828572,827735,824538,834898,821250,833550,826035,815279,829427,825925,817147,821764,816676,819422,804352
434,31,1,18,835855,832679,817930,823201,815080,821504,820756,817478,827672,814216,826339,819006,808260,822440,818780,809973,814633,809616,812370,797358
435,0,1,18,842802,839575,824677,830103,821793,828299,827592,824386,834572,821011,833328,825812,815144,829333,825789,816883,821582,816534,819324,804147
436,31,1,18,836045,832866,818169,823361,815127,821644,821013,817723,827961,814412,826506,819137,808356,822574,818876,810179,814733,809852,812437,797628
437,0,1,18,842870,839793,824987,830245,821914,828380,827877,824494,834793,821198,833542,826076,815188,829465,825853,817065,821591,816599,819398,804420
438,31,1,18,836039,832978,818268,823423,815178,821672,821020,817776,828000,814377,826770,819191,808495,822559,818926,810198,814775,809814,812535,797702
439,0,1,18,842830,839713,824986,830228,821774,828246,827655,824408,834802,821096,833615,825955,815171,829303,825837,816947,821516,816560,819343,804334
440,31,1,18,836111,833043,818365,823410,815354,821752,821042,817970,828090,814564,826835,819328,808653,822658,819155,810490,815014,810045,812748,797903
441,0,1,18,842873,839772,824953,830113,821937,828347,827751,824550,834798,821242,833610,825973,815204,829326,825941,817107,821728,816656,819521,804504
442,31,1,18,836318,833239,818353,823490,815325,821937,821208,818049,828256,814537,826840,819379,808599,822752,819136,810568,815033,810079,812865,797873
443,0,1,18,842678,839484,824677,829798,821571,828144,827503,824237,834598,820715,833249,825640,814832,829032,825523,816759,821310,816432,819241,804064
444,31,1,18,836104,832948,818225,823264,815273,821718,821012,817825,827957,814471,826644,819236,808395,822622,818986,810312,814738,809875,812807,797772
445,0,1,18,842685,839550,824672,829870,821618,828137,827443,824273,834553,821002,833237,825760,814857,829147,825529,816771,821333,816420,819413,804170
446,31,1,18,835907,833002,818225,823218,815054,821585,820952,817785,827887,814358,826600,819161,808333,822544,818864,810085,814632,809694,812609,797506
447,0,1,18,842815,839789,825008,830050,821762,828327,827687,824515,834677,821032,833536,825946,815120,829503,825774,817004,821614,816627,819416,804253
448,31,1,18,836004,832983,818215,823194,815226,821621,821037,817811,828022,814455,826651,819229,808403,822663,818885,810314,814824,809864,812787,797449
449,0,1,18,842833,839851,824986,830075,821834,828378,827789,824525,834762,821104,833597,826007,815265,829484,825836,817026,821671,816708,819685,804166
450,31,1,18,836176,832939,818282,823332,815136,821720,821080,817761,828079,814466,826769,819255,808417,822648,818912,810178,814939,809865,812743,797504
451,0,1,18,842936,839442,824687,829873,821565,828147,827523,824382,834613,820943,833382,825877,814913,829269,825607,816840,821558,816568,819359,804024
452,31,1,18,836019,832889,818207,823377,815224,821725,820998,817806,827952,814428,826723,819116,808363,822663,818902,810167,814886,809917,812612,797593
453,0,1,18,842736,839468,824715,829816,821649,828271,827442,824323,834573,820865,833420,825779,814909,829318,825592,816766,821397,816408,819230,804135
454,31,1,18,836013,832726,818114,823302,815035,821603,820943,817654,827951,814271,826597,819161,808211,822659,818861,810113,814728,809837,812663,797560
455,0,1,18,842620,839287,824524,829823,821441,828091,827410,824207,834439,820740,833264,825721,814608,829278,825513,816594,821384,816264,819216,803990
456,31,1,18,836035,832659,818069,823036,815030,821623,820876,817657,827743,814341,826486,819039,808231,822571,818780,810180,814506,809708,812452,797474
457,0,1,18,842803,839487,824865,829886,821720,828381,827667,824155,834518,821110,833408,825891,814921,829358,825713,816892,821351,816472,819285,804121
458,31,1,18,835890,832732,818056,823062,815015,821540,820858,817690,827663,814216,826431,819162,808221,822390,818828,810022,814555,809699,812351,797389
459,0,1,18,842795,839569,824785,829846,821606,828221,827467,824269,834547,821053,833497,825912,814942,829265,825737,816820,821394,816541,819261,804128
460,31,1,18,835987,832846,818118,823227,815050,821656,820880,817657,827948,814311,826621,819204,808300,822626,818874,810173,814741,809856,812650,797508
461,0,1,18,842806,839546,824763,830019,821764,828289,827419,824299,834592,820982,833465,825897,815031,829406,825704,816872,821450,816463,819449,804023
462,31,1,18,836078,832922,818176,823229,815246,821845,821070,817824,828080,814439,826627,819224,808444,822630,819083,810222,814673,809974,812715,797563
463,0,1,18,842789,839513,824755,829892,821704,828274,827493,824323,834636,820918,833332,825857,814959,829173,825757,816792,821379,816464,819384,804124
464,31,1,18,836206,832898,818229,823237,815303,821682,821011,817982,827949,814519,826666,819333,808407,822728,819066,810372,814635,810064,812697,797652
465,0,1,18,843060,839745,824942,830187,822001,828426,827855,824673,834831,821265,833635,826100,815127,829522,826058,817137,821586,816854,819640,804336
466,31,1,18,835923,832781,818163,823156,815153,821552,820925,817685,827891,814260,826526,819158,808356,822468,818853,810161,814420,809839,812469,797461
467,0,1,18,842895,839662,824979,830063,821971,828424,827720,824612,834865,821134,833581,826084,815244,829480,825822,817077,821466,816802,819508,804230
468,31,1,18,836027,832780,818109,823167,815107,821639,820970,817843,827902,814418,826547,819160,808496,822548,818836,810170,814628,809937,812532,797434
469,0,1,18,842577,839341,824642,829837,821559,828126,827407,824253,834394,820933,833253,825682,814912,829115,825481,816759,821161,816343,819198,803927
470,31,1,18,836347,833077,818575,823502,815556,822114,821213,818090,828248,814688,826874,819572,808732,822890,819194,810476,815034,810248,812881,797870
471,0,1,18,842953,839720,825060,830142,822018,828533,827687,824519,834851,821175,833703,826152,815302,829489,825889,817019,821739,816796,819646,804447
472,31,1,18,836523,833193,818416,823537,815522,821961,821159,818086,828289,814645,827003,819511,808835,822914,819143,810454,815123,810067,812983,797950
473,0,1,18,842904,839650,824768,829927,821788,828235,827523,824404,834710,821004,833547,825811,815089,829318,825616,816917,821585,816569,819490,804222
474,31,1,18,835693,832588,817756,822710,814896,821267,820575,817358,827560,814048,826256,818868,808112,822065,818548,809822,814509,809536,812214,797202
475,0,1,18,842784,839610,824725,829787,821845,828181,827403,824328,834675,821031,833499,825892,815056,829183,825682,816819,821649,816409,819256,804159
476,31,1,18,836254,833284,818366,823434,815563,821952,821169,818044,828261,814683,826784,819462,808769,822841,819266,810516,815092,810159,812824,797735
477,0,1,18,842904,839846,824875,830042,822105,828492,827698,824544,834871,821239,833491,826014,815216,829387,825891,817030,821738,816726,819561,804210
478,31,1,18,836303,833267,818455,823320,815497,821886,820938,817944,828217,814556,826998,819352,808744,822696,819049,810366,814901,810038,812905,797584
479,0,1,18,842771,839769,824778,829810,821830,828259,827382,824341,834673,821004,833551,825885,815108,829275,825607,816778,821468,816512,819420,803992
480,31,1,18,836351,833392,818447,823437,815658,822103,821156,817960,828291,814714,827033,819414,808804,822852,819083,810405,815080,810008,812854,797703
481,0,1,18,842745,839746,824782,829851,821934,828319,827481,824237,834724,821039,833475,825776,815069,829233,825652,816896,821543,816354,819261,804051
482,31,1,18,836175,833127,818216,823280,815392,821840,820894,817810,827992,814547,826742,819325,808419,822608,818908,810155,814816,809907,812746,797637
483,0,1,18,842605,839426,824399,829647,821601,828014,827171,824036,834382,820770,833207,825593,814649,829060,825296,816500,821292,816322,819161,803928
484,31,1,18,836047,833010,818239,823249,815439,821728,820865,817782,828054,814361,826700,819248,808346,822636,818808,810161,814730,809872,812622,797652
485,0,1,18,842846,839676,824725,829934,821915,828330,827493,824351,834739,820967,833468,825917,814938,829418,825546,816809,821412,816542,819276,804141
486,31,1,18,836042,832951,818132,823220,815261,821660,820825,817880,827975,814351,826643,819111,808295,822627,818776,810125,814810,809815,812503,797482
487,0,1,18,842985,839914,825011,830189,822018,828490,827634,824636,834842,821240,833677,826025,815171,829593,825849,817076,821782,816747,819459,804307
488,31,1,18,835862,832802,818051,823065,815137,821536,820687,817689,827841,814183,826496,818922,808131,822482,818598,809970,814358,809712,812388,797350
489,0,1,18,842634,839393,824587,829846,821734,828092,827279,824188,834534,820876,833290,825551,814772,829172,825443,816612,821099,816346,819183,804020
490,31,1,18,835995,832765,818093,823120,815129,821613,820731,817595,827938,814188,826602,818978,808269,822448,818621,810101,814461,809727,812536,797417
491,0,1,18,842844,839754,825022,830126,821948,828389,827638,824417,834809,821051,833632,825762,815071,829393,825786,816954,821446,816628,819491,804135
492,31,1,18,836028,833112,818229,823256,815374,821677,820882,817827,828004,814376,826809,819119,808578,822746,818947,810120,814702,809990,812677,797577
493,0,1,18,842691,839587,824764,829811,821837,828193,827409,824310,834589,820847,833436,825631,815048,829355,825565,816648,821294,816480,819250,803969
494,31,1,18,836203,833039,818279,823424,815389,821860,820934,817954,828106,814421,826705,819204,808474,822741,818946,810215,814808,810042,812748,797692
495,0,1,18,843007,839784,824907,830029,821923,828434,827530,824652,834752,821001,833571,825851,815216,829419,825819,816875,821469,816704,819504,804278
496,31,1,18,836441,833209,818529,823503,815485,821979,821063,817916,828255,814525,827031,819372,808639,822916,819095,810400,814750,810082,812887,797829
497,0,1,18,842889,839678,824904,829953,821793,828252,827431,824434,834745,820974,833625,825791,815061,829338,825650,816725,821279,816617,819446,804316
498,31,1,18,836166,832800,818150,823208,815092,821677,820727,817545,827956,814359,826644,819026,808275,822378,818821,810117,814686,809928,812634,797485
499,0,1,18,843176,839738,824962,830134,821817,828452,827475,824464,834870,821204,833702,825934,815118,829443,825745,816987,821683,816775,819574,804271
